   0.0000000e+00   1.8087156e-03   7.6581469e-01   2.6205703e-03   6.5891712e-02   4.8511415e-02   2.4377112e-04   6.0329971e-04   2.4191326e-04   7.9922123e-05   1.8058424e-02   4.8007691e-01   9.6266358e-01   1.0233723e-01   9.9516152e-01   5.1421742e-03   3.5622805e-01   3.0912824e-02   3.3422220e-04   9.6271386e-01   2.7801013e-01
   1.8087156e-03  1.4544145e-116   8.4914605e-04   6.2848145e-07   5.1861258e-07   1.6194660e-07   1.4496180e-03   5.8276763e-12   6.3489910e-02   5.7298894e-03   6.0447557e-01   5.1893009e-01   2.8947119e-01   7.9496731e-01   5.4729496e-01   5.5238281e-02   1.9797788e-01   8.2068118e-02   1.0143945e-01   3.0930757e-01   7.0794152e-01
   7.6581469e-01   8.4914605e-04   0.0000000e+00   1.0061088e-02   2.6168919e-04   3.9594133e-04   3.1457172e-01   3.8409215e-03   7.7347789e-01   5.4667972e-01   1.6300957e-01   7.0571609e-02   7.4127223e-02   2.1766353e-01   3.5810628e-01   7.5184649e-01   3.9632689e-03   6.4908469e-01   6.5689685e-01   4.3409727e-02   6.3343490e-01
   2.6205703e-03   6.2848145e-07   1.0061088e-02   0.0000000e+00   2.7542972e-04   1.0297386e-04   7.5984765e-04   2.8183264e-08   4.2307564e-02   3.0180304e-03   5.0870787e-01   7.9029849e-01   5.4241471e-01   5.4152664e-01   8.1223151e-01   3.7928378e-02   2.5142427e-01   9.0577639e-02   1.1322527e-01   2.3512613e-01   9.3218899e-01
   6.5891712e-02   5.1861258e-07   2.6168919e-04   2.7542972e-04   0.0000000e+00   2.4905217e-15   5.1229611e-03   3.0768670e-05   2.6342186e-01   1.0980557e-01   7.5176777e-01   4.2098329e-01   2.3417757e-01   8.7507664e-01   4.5419893e-01   3.8769321e-01   1.9312451e-01   3.6694287e-01   3.8693157e-01   3.8304798e-01   8.1195777e-01
   4.8511415e-02   1.6194660e-07   3.9594133e-04   1.0297386e-04   2.4905217e-15   0.0000000e+00   2.8247233e-03   9.9884230e-06   2.3012268e-01   8.1393066e-02   7.4553038e-01   4.1001315e-01   2.2368784e-01   8.9468683e-01   4.2073859e-01   3.4872248e-01   1.8890119e-01   3.3744292e-01   3.3888803e-01   3.8521407e-01   7.8482796e-01
   2.4377112e-04   1.4496180e-03   3.1457172e-01   7.5984765e-04   5.1229611e-03   2.8247233e-03   0.0000000e+00   1.6913116e-03   2.4172679e-02   1.1798583e-02   1.4931655e-01   9.4630405e-01   5.1407422e-01   4.9865634e-01   5.2544057e-01   1.3152855e-01   5.7117689e-01   2.2001146e-01   2.2028420e-02   5.7113990e-01   8.4135198e-01
   6.0329971e-04   5.8276763e-12   3.8409215e-03   2.8183264e-08   3.0768670e-05   9.9884230e-06   1.6913116e-03   0.0000000e+00   4.3923035e-02   3.2618800e-03   5.1020612e-01   6.1253567e-01   3.5399464e-01   6.8256382e-01   5.5803116e-01   2.3330049e-02   2.6754961e-01   4.9805599e-02   6.2669586e-02   3.4378544e-01   7.1321715e-01
   2.4191326e-04   6.3489910e-02   7.7347789e-01   4.2307564e-02   2.6342186e-01   2.3012268e-01   2.4172679e-02   4.3923035e-02   0.0000000e+00   2.0452899e-07   6.0547119e-06   2.1376822e-03   2.1948198e-02   1.1114406e-05   4.1884486e-02   4.0176896e-04   5.4643923e-02   2.5600349e-03   3.4327946e-07   1.3240390e-01   1.9025802e-01
   7.9922123e-05   5.7298894e-03   5.4667972e-01   3.0180304e-03   1.0980557e-01   8.1393066e-02   1.1798583e-02   3.2618800e-03   2.0452899e-07   0.0000000e+00   1.0286458e-02   7.0663129e-02   1.7796672e-01   2.3474352e-03   1.3196315e-01   1.1809898e-04   6.2179275e-01   8.1250717e-04   4.4395602e-05   5.3317566e-01   4.5320206e-01
   1.8058424e-02   6.0447557e-01   1.6300957e-01   5.0870787e-01   7.5176777e-01   7.4553038e-01   1.4931655e-01   5.1020612e-01   6.0547119e-06   1.0286458e-02   0.0000000e+00   6.2847841e-05   3.7520912e-03   1.0144996e-05   3.8826421e-02   2.2573071e-02   1.6441531e-04   5.0852173e-02   5.1268304e-05   1.9235864e-02   7.7130799e-02
   4.8007691e-01   5.1893009e-01   7.0571609e-02   7.9029849e-01   4.2098329e-01   4.1001315e-01   9.4630405e-01   6.1253567e-01   2.1376822e-03   7.0663129e-02   6.2847841e-05   0.0000000e+00   5.5569911e-11   1.5332649e-09   5.3688809e-06   8.0674642e-02   2.2732361e-03   7.1103975e-02   1.2737924e-02   1.8979702e-03   3.8516797e-01
   9.6266358e-01   2.8947119e-01   7.4127223e-02   5.4241471e-01   2.3417757e-01   2.2368784e-01   5.1407422e-01   3.5399464e-01   2.1948198e-02   1.7796672e-01   3.7520912e-03   5.5569911e-11   0.0000000e+00   7.4690263e-07   7.4020869e-08   1.6731843e-01   1.5285339e-02   1.1491604e-01   7.6647421e-02   2.4780431e-03   6.5678396e-01
   1.0233723e-01   7.9496731e-01   2.1766353e-01   5.4152664e-01   8.7507664e-01   8.9468683e-01   4.9865634e-01   6.8256382e-01   1.1114406e-05   2.3474352e-03   1.0144996e-05   1.5332649e-09   7.4690263e-07   0.0000000e+00   3.6171861e-05   9.1821544e-03   1.0666402e-02   1.0866183e-02   5.9960660e-04   8.0412773e-03   3.4103659e-01
   9.9516152e-01   5.4729496e-01   3.5810628e-01   8.1223151e-01   4.5419893e-01   4.2073859e-01   5.2544057e-01   5.5803116e-01   4.1884486e-02   1.3196315e-01   3.8826421e-02   5.3688809e-06   7.4020869e-08   3.6171861e-05   0.0000000e+00   2.3897119e-01   1.6434557e-01   1.1794142e-01   1.8491481e-01   4.7857264e-02   6.4860653e-01
   5.1421742e-03   5.5238281e-02   7.5184649e-01   3.7928378e-02   3.8769321e-01   3.4872248e-01   1.3152855e-01   2.3330049e-02   4.0176896e-04   1.1809898e-04   2.2573071e-02   8.0674642e-02   1.6731843e-01   9.1821544e-03   2.3897119e-01   0.0000000e+00   4.7298183e-01   3.7256139e-09   6.1583111e-06   2.2650096e-01   5.5068178e-01
   3.5622805e-01   1.9797788e-01   3.9632689e-03   2.5142427e-01   1.9312451e-01   1.8890119e-01   5.7117689e-01   2.6754961e-01   5.4643923e-02   6.2179275e-01   1.6441531e-04   2.2732361e-03   1.5285339e-02   1.0666402e-02   1.6434557e-01   4.7298183e-01   0.0000000e+00   6.2096652e-01   2.7596588e-02   1.6090744e-02   1.5201658e-01
   3.0912824e-02   8.2068118e-02   6.4908469e-01   9.0577639e-02   3.6694287e-01   3.3744292e-01   2.2001146e-01   4.9805599e-02   2.5600349e-03   8.1250717e-04   5.0852173e-02   7.1103975e-02   1.1491604e-01   1.0866183e-02   1.1794142e-01   3.7256139e-09   6.2096652e-01   0.0000000e+00   4.7133194e-05   1.7072217e-01   6.0860173e-01
   3.3422220e-04   1.0143945e-01   6.5689685e-01   1.1322527e-01   3.8693157e-01   3.3888803e-01   2.2028420e-02   6.2669586e-02   3.4327946e-07   4.4395602e-05   5.1268304e-05   1.2737924e-02   7.6647421e-02   5.9960660e-04   1.8491481e-01   6.1583111e-06   2.7596588e-02   4.7133194e-05   0.0000000e+00   7.9512407e-02   2.0504979e-01
   9.6271386e-01   3.0930757e-01   4.3409727e-02   2.3512613e-01   3.8304798e-01   3.8521407e-01   5.7113990e-01   3.4378544e-01   1.3240390e-01   5.3317566e-01   1.9235864e-02   1.8979702e-03   2.4780431e-03   8.0412773e-03   4.7857264e-02   2.2650096e-01   1.6090744e-02   1.7072217e-01   7.9512407e-02  1.4544145e-116   5.9374196e-01
   2.7801013e-01   7.0794152e-01   6.3343490e-01   9.3218899e-01   8.1195777e-01   7.8482796e-01   8.4135198e-01   7.1321715e-01   1.9025802e-01   4.5320206e-01   7.7130799e-02   3.8516797e-01   6.5678396e-01   3.4103659e-01   6.4860653e-01   5.5068178e-01   1.5201658e-01   6.0860173e-01   2.0504979e-01   5.9374196e-01  1.4544145e-116
