  8.0345807e-119   5.9753685e-05   9.3493596e-04   7.6153208e-08   1.4919590e-06   3.7963690e-04   4.7656707e-04   2.0974995e-02   2.3730874e-05   4.1252573e-03   4.4710940e-04   1.6851804e-01   4.3724278e-04   1.9050427e-01   7.1507763e-03   7.2348363e-02   3.1350453e-01   4.0733945e-01   2.9080827e-02   2.8168292e-01   2.6340083e-01   8.1589635e-04   2.4293271e-03   4.0085850e-01   6.0037445e-01   2.0191292e-02   6.0600342e-01   2.0191165e-02   5.7217979e-01   2.0190281e-02
   5.9753685e-05   0.0000000e+00   1.5278819e-02   3.9374257e-04   1.1791066e-04   3.5378966e-02   1.7773974e-05   6.6676308e-06   2.8823647e-07   4.2224033e-06   9.0686056e-05   7.8013578e-03   2.1257512e-05   2.5604554e-02   4.2078065e-04   1.7439255e-02   8.9029556e-02   1.0009243e-01   7.2250399e-03   1.5066824e-01   1.3893534e-01   2.9863630e-03   2.2975765e-02   5.2553365e-01   8.3400768e-01   2.0424948e-03   8.4223250e-01   2.0424923e-03   7.9304777e-01   2.0423667e-03
   9.3493596e-04   1.5278819e-02   0.0000000e+00   1.2186497e-03   3.0610355e-04   7.8826180e-03   1.1845688e-03   5.0601068e-01   8.0049760e-05   6.4509208e-02   1.7169710e-03   5.0915279e-01   2.5331814e-03   1.0375921e-01   6.9867910e-03   3.5308234e-02   5.7072817e-02   1.1934911e-01   6.6931644e-02   9.4464111e-01   9.6322594e-01   2.0353897e-04   3.0531960e-03   9.0380161e-01   9.5916680e-01   4.9826679e-02   9.6254046e-01   4.9826457e-02   9.3474658e-01   4.9825645e-02
   7.6153208e-08   3.9374257e-04   1.2186497e-03   0.0000000e+00   2.4862519e-06   1.3635391e-04   3.3957105e-03   4.5401565e-02   2.8866812e-04   1.1345347e-02   6.7028404e-04   1.5026285e-01   6.9077617e-04   2.1598067e-01   1.7792677e-02   2.9476266e-01   8.0076899e-01   9.2889059e-01   1.7365035e-01   1.6262076e-01   1.5533774e-01   5.1082090e-04   3.1529837e-03   6.8402255e-01   7.5071857e-01   1.2563753e-01   7.5459041e-01   1.2563706e-01   7.3007456e-01   1.2563508e-01
   1.4919590e-06   1.1791066e-04   3.0610355e-04   2.4862519e-06   0.0000000e+00   4.0766144e-06   3.4992523e-05   4.3939680e-02   4.7194253e-06   2.5818688e-03   1.2450429e-03   8.7574245e-02   1.9322574e-05   7.8446130e-02   4.4802512e-04   3.0875124e-02   1.4728831e-01   1.9554183e-01   2.4917859e-02   4.2884219e-01   4.2841217e-01   6.0631359e-05   1.6040072e-03   7.2298525e-01   6.2394603e-01   1.8774387e-02   6.2194020e-01   1.8774218e-02   6.3248461e-01   1.8774255e-02
   3.7963690e-04   3.5378966e-02   7.8826180e-03   1.3635391e-04   4.0766144e-06  8.0345807e-119   3.1362695e-02   2.9513170e-01   5.8684627e-03   4.9779935e-02   2.9733869e-02   3.5245979e-01   1.7914057e-02   5.0772435e-01   7.1279887e-02   3.4585623e-01   6.3670535e-01   7.5252308e-01   2.4315027e-01   3.3446339e-01   3.4518150e-01   1.7408480e-02   3.0113423e-02   5.3451255e-01   2.5037675e-01   2.7041105e-01   2.4489972e-01   2.7040910e-01   2.7938516e-01   2.7041149e-01
   4.7656707e-04   1.7773974e-05   1.1845688e-03   3.3957105e-03   3.4992523e-05   3.1362695e-02   0.0000000e+00   1.8470476e-02   3.5545672e-06   3.4475637e-03   6.1797339e-04   2.9108895e-02   5.2872598e-08   8.0368548e-03   3.3282389e-08   3.0242677e-04   3.0626999e-03   5.8950997e-03   3.4084899e-03   5.2743968e-01   5.3030859e-01   1.1828619e-04   1.7998655e-02   6.8589197e-01   4.3742437e-01   3.8650574e-04   4.3463277e-01   3.8650201e-04   4.5486994e-01   3.8650937e-04
   2.0974995e-02   6.6676308e-06   5.0601068e-01   4.5401565e-02   4.3939680e-02   2.9513170e-01   1.8470476e-02  8.0345807e-119   3.5862765e-03   8.3038531e-05   2.0411238e-02   7.0258598e-04   7.6466155e-03   3.4857624e-02   2.1908074e-02   2.7087085e-01   4.3533645e-01   4.0782784e-01   1.5442965e-01   2.2103494e-02   1.8838347e-02   2.0857289e-01   4.3777638e-01   2.2560244e-01   4.6007711e-01   8.1884804e-02   4.6639862e-01   8.1884888e-02   4.3143640e-01   8.1881688e-02
   2.3730874e-05   2.8823647e-07   8.0049760e-05   2.8866812e-04   4.7194253e-06   5.8684627e-03   3.5545672e-06   3.5862765e-03   0.0000000e+00   1.4588359e-04   6.0012745e-05   6.2514887e-02   4.3326491e-05   4.1896088e-02   2.6972151e-04   3.5526798e-03   1.2786991e-02   2.2286155e-02   3.0467726e-03   4.2368776e-01   4.0295847e-01   7.1863638e-04   6.0735882e-03   4.5861758e-01   6.1493408e-01   1.0151037e-03   6.1940404e-01   1.0150973e-03   5.9086391e-01   1.0150383e-03
   4.1252573e-03   4.2224033e-06   6.4509208e-02   1.1345347e-02   2.5818688e-03   4.9779935e-02   3.4475637e-03   8.3038531e-05   1.4588359e-04   0.0000000e+00   2.4891861e-03   8.8648733e-02   8.0857375e-03   2.2888406e-01   2.7125213e-02   3.5353026e-02   1.1854094e-01   1.2563232e-01   7.7327710e-03   2.7957621e-01   2.5518204e-01   4.0964239e-02   6.5914141e-02   2.1696132e-01   2.5730772e-01   4.2301582e-03   2.6072536e-01   4.2301484e-03   2.4130207e-01   4.2298505e-03
   4.4710940e-04   9.0686056e-05   1.7169710e-03   6.7028404e-04   1.2450429e-03   2.9733869e-02   6.1797339e-04   2.0411238e-02   6.0012745e-05   2.4891861e-03   0.0000000e+00   1.7597878e-01   1.2334418e-03   2.5938085e-01   1.8888762e-02   6.7718936e-02   1.8243309e-01   2.6894289e-01   2.8073106e-02   5.6783368e-01   5.5386272e-01   5.6641959e-04   6.8129522e-03   8.6949920e-01   4.8749927e-01   7.6063525e-03   4.8044375e-01   7.6063838e-03   5.2531060e-01   7.6061732e-03
   1.6851804e-01   7.8013578e-03   5.0915279e-01   1.5026285e-01   8.7574245e-02   3.5245979e-01   2.9108895e-02   7.0258598e-04   6.2514887e-02   8.8648733e-02   1.7597878e-01   0.0000000e+00   9.9566417e-04   4.1184286e-06   1.2289197e-03   7.9560747e-01   7.3186184e-01   7.1606973e-01   8.7847270e-01   4.2958211e-03   4.7800838e-03   1.8632998e-01   9.6207803e-01   8.8500096e-01   6.9646890e-01   8.3485537e-01   6.9649181e-01   8.3485410e-01   6.9740930e-01   8.3485519e-01
   4.3724278e-04   2.1257512e-05   2.5331814e-03   6.9077617e-04   1.9322574e-05   1.7914057e-02   5.2872598e-08   7.6466155e-03   4.3326491e-05   8.0857375e-03   1.2334418e-03   9.9566417e-04  8.0345807e-119   2.7743040e-04   4.1889319e-09   3.8489679e-02   9.7512626e-02   1.3840861e-01   1.0924325e-01   1.9524427e-01   1.9926261e-01   3.7504659e-05   3.0033125e-02   6.7530957e-01   4.8291891e-01   3.8406939e-02   4.8094363e-01   3.8406743e-02   4.9663876e-01   3.8406991e-02
   1.9050427e-01   2.5604554e-02   1.0375921e-01   2.1598067e-01   7.8446130e-02   5.0772435e-01   8.0368548e-03   3.4857624e-02   4.1896088e-02   2.2888406e-01   2.5938085e-01   4.1184286e-06   2.7743040e-04   0.0000000e+00   4.6560723e-05   3.5113232e-01   2.8580297e-01   3.2606477e-01   8.8545772e-01   1.2576614e-01   1.3283125e-01   4.9484088e-02   6.3276852e-01   5.6419491e-01   4.3390047e-01   6.4821983e-01   4.3408327e-01   6.4821839e-01   4.3803763e-01   6.4822164e-01
   7.1507763e-03   4.2078065e-04   6.9867910e-03   1.7792677e-02   4.4802512e-04   7.1279887e-02   3.3282389e-08   2.1908074e-02   2.6972151e-04   2.7125213e-02   1.8888762e-02   1.2289197e-03   4.1889319e-09   4.6560723e-05   0.0000000e+00   6.9198714e-03   1.3571266e-02   2.0558431e-02   7.2549471e-02   3.1328047e-01   3.2125574e-01   7.3930838e-04   8.7312763e-02   6.5640244e-01   4.4359312e-01   2.4433739e-02   4.4252743e-01   2.4433610e-02   4.5296678e-01   2.4433992e-02
   7.2348363e-02   1.7439255e-02   3.5308234e-02   2.9476266e-01   3.0875124e-02   3.4585623e-01   3.0242677e-04   2.7087085e-01   3.5526798e-03   3.5353026e-02   6.7718936e-02   7.9560747e-01   3.8489679e-02   3.5113232e-01   6.9198714e-03  1.4544145e-116   2.2304550e-07   3.1273581e-07   1.3733620e-07   3.7735188e-01   3.7876122e-01   6.2882232e-02   6.7596391e-02   8.0570143e-01   5.8741637e-01   2.0892534e-08   5.8516215e-01   2.0892097e-08   6.0044893e-01   2.0895776e-08
   3.1350453e-01   8.9029556e-02   5.7072817e-02   8.0076899e-01   1.4728831e-01   6.3670535e-01   3.0626999e-03   4.3533645e-01   1.2786991e-02   1.1854094e-01   1.8243309e-01   7.3186184e-01   9.7512626e-02   2.8580297e-01   1.3571266e-02   2.2304550e-07   0.0000000e+00   1.9663624e-14   2.9269180e-04   5.1169310e-01   5.1025777e-01   2.7326334e-01   4.1615495e-01   8.5488119e-01   6.8342361e-01   8.6910380e-05   6.8246721e-01   8.6909148e-05   6.8980573e-01   8.6913297e-05
   4.0733945e-01   1.0009243e-01   1.1934911e-01   9.2889059e-01   1.9554183e-01   7.5252308e-01   5.8950997e-03   4.0782784e-01   2.2286155e-02   1.2563232e-01   2.6894289e-01   7.1606973e-01   1.3840861e-01   3.2606477e-01   2.0558431e-02   3.1273581e-07   1.9663624e-14  8.0345807e-119   2.0429937e-04   5.9270303e-01   5.9018907e-01   4.1280340e-01   5.6954192e-01   8.5457626e-01   7.1105059e-01   8.8260714e-05   7.1032261e-01   8.8259470e-05   7.1549004e-01   8.8263987e-05
   2.9080827e-02   7.2250399e-03   6.6931644e-02   1.7365035e-01   2.4917859e-02   2.4315027e-01   3.4084899e-03   1.5442965e-01   3.0467726e-03   7.7327710e-03   2.8073106e-02   8.7847270e-01   1.0924325e-01   8.8545772e-01   7.2549471e-02   1.3733620e-07   2.9269180e-04   2.0429937e-04  8.0345807e-119   3.7389560e-01   3.8844192e-01   9.6824727e-02   3.1339214e-02   7.8931637e-01   9.8959537e-01   3.1503258e-11   9.9430811e-01   3.1503152e-11   9.6702992e-01   3.1499275e-11
   2.8168292e-01   1.5066824e-01   9.4464111e-01   1.6262076e-01   4.2884219e-01   3.3446339e-01   5.2743968e-01   2.2103494e-02   4.2368776e-01   2.7957621e-01   5.6783368e-01   4.2958211e-03   1.9524427e-01   1.2576614e-01   3.1328047e-01   3.7735188e-01   5.1169310e-01   5.9270303e-01   3.7389560e-01   0.0000000e+00   1.1906751e-21   6.2981642e-01   9.6810943e-02   6.1126607e-01   6.0290203e-01   5.4773455e-01   6.0319293e-01   5.4773690e-01   6.0296639e-01   5.4774204e-01
   2.6340083e-01   1.3893534e-01   9.6322594e-01   1.5533774e-01   4.2841217e-01   3.4518150e-01   5.3030859e-01   1.8838347e-02   4.0295847e-01   2.5518204e-01   5.5386272e-01   4.7800838e-03   1.9926261e-01   1.3283125e-01   3.2125574e-01   3.7876122e-01   5.1025777e-01   5.9018907e-01   3.8844192e-01   1.1906751e-21  1.4544145e-116   6.3317589e-01   1.0640584e-01   5.1475564e-01   5.3279174e-01   5.6027002e-01   5.3393477e-01   5.6027219e-01   5.2855981e-01   5.6027892e-01
   8.1589635e-04   2.9863630e-03   2.0353897e-04   5.1082090e-04   6.0631359e-05   1.7408480e-02   1.1828619e-04   2.0857289e-01   7.1863638e-04   4.0964239e-02   5.6641959e-04   1.8632998e-01   3.7504659e-05   4.9484088e-02   7.3930838e-04   6.2882232e-02   2.7326334e-01   4.1280340e-01   9.6824727e-02   6.2981642e-01   6.3317589e-01   0.0000000e+00   8.1525148e-06   5.9952145e-01   4.2827804e-01   5.0903815e-02   4.2515308e-01   5.0903946e-02   4.4910995e-01   5.0904098e-02
   2.4293271e-03   2.2975765e-02   3.0531960e-03   3.1529837e-03   1.6040072e-03   3.0113423e-02   1.7998655e-02   4.3777638e-01   6.0735882e-03   6.5914141e-02   6.8129522e-03   9.6207803e-01   3.0033125e-02   6.3276852e-01   8.7312763e-02   6.7596391e-02   4.1615495e-01   5.6954192e-01   3.1339214e-02   9.6810943e-02   1.0640584e-01   8.1525148e-06   0.0000000e+00   7.3552086e-01   9.4545165e-01   3.5670292e-02   9.5153593e-01   3.5670564e-02   9.1250640e-01   3.5669928e-02
   4.0085850e-01   5.2553365e-01   9.0380161e-01   6.8402255e-01   7.2298525e-01   5.3451255e-01   6.8589197e-01   2.2560244e-01   4.5861758e-01   2.1696132e-01   8.6949920e-01   8.8500096e-01   6.7530957e-01   5.6419491e-01   6.5640244e-01   8.0570143e-01   8.5488119e-01   8.5457626e-01   7.8931637e-01   6.1126607e-01   5.1475564e-01   5.9952145e-01   7.3552086e-01   0.0000000e+00   6.0203999e-07   9.6708805e-01   7.8194420e-07   9.6708505e-01   1.5609674e-07   9.6711917e-01
   6.0037445e-01   8.3400768e-01   9.5916680e-01   7.5071857e-01   6.2394603e-01   2.5037675e-01   4.3742437e-01   4.6007711e-01   6.1493408e-01   2.5730772e-01   4.8749927e-01   6.9646890e-01   4.8291891e-01   4.3390047e-01   4.4359312e-01   5.8741637e-01   6.8342361e-01   7.1105059e-01   9.8959537e-01   6.0290203e-01   5.3279174e-01   4.2827804e-01   9.4545165e-01   6.0203999e-07   0.0000000e+00   6.7394498e-01   9.9342078e-32   6.7394438e-01   3.4857607e-21   6.7396719e-01
   2.0191292e-02   2.0424948e-03   4.9826679e-02   1.2563753e-01   1.8774387e-02   2.7041105e-01   3.8650574e-04   8.1884804e-02   1.0151037e-03   4.2301582e-03   7.6063525e-03   8.3485537e-01   3.8406939e-02   6.4821983e-01   2.4433739e-02   2.0892534e-08   8.6910380e-05   8.8260714e-05   3.1503258e-11   5.4773455e-01   5.6027002e-01   5.0903815e-02   3.5670292e-02   9.6708805e-01   6.7394498e-01   0.0000000e+00   6.6849535e-01   2.6367231e-84   7.0124054e-01   4.4937099e-75
   6.0600342e-01   8.4223250e-01   9.6254046e-01   7.5459041e-01   6.2194020e-01   2.4489972e-01   4.3463277e-01   4.6639862e-01   6.1940404e-01   2.6072536e-01   4.8044375e-01   6.9649181e-01   4.8094363e-01   4.3408327e-01   4.4252743e-01   5.8516215e-01   6.8246721e-01   7.1032261e-01   9.9430811e-01   6.0319293e-01   5.3393477e-01   4.2515308e-01   9.5153593e-01   7.8194420e-07   9.9342078e-32   6.6849535e-01   0.0000000e+00   6.6849480e-01   5.1712456e-20   6.6851726e-01
   2.0191165e-02   2.0424923e-03   4.9826457e-02   1.2563706e-01   1.8774218e-02   2.7040910e-01   3.8650201e-04   8.1884888e-02   1.0150973e-03   4.2301484e-03   7.6063838e-03   8.3485410e-01   3.8406743e-02   6.4821839e-01   2.4433610e-02   2.0892097e-08   8.6909148e-05   8.8259470e-05   3.1503152e-11   5.4773690e-01   5.6027219e-01   5.0903946e-02   3.5670564e-02   9.6708505e-01   6.7394438e-01   2.6367231e-84   6.6849480e-01   0.0000000e+00   7.0123968e-01   2.0592107e-74
   5.7217979e-01   7.9304777e-01   9.3474658e-01   7.3007456e-01   6.3248461e-01   2.7938516e-01   4.5486994e-01   4.3143640e-01   5.9086391e-01   2.4130207e-01   5.2531060e-01   6.9740930e-01   4.9663876e-01   4.3803763e-01   4.5296678e-01   6.0044893e-01   6.8980573e-01   7.1549004e-01   9.6702992e-01   6.0296639e-01   5.2855981e-01   4.4910995e-01   9.1250640e-01   1.5609674e-07   3.4857607e-21   7.0124054e-01   5.1712456e-20   7.0123968e-01   0.0000000e+00   7.0126422e-01
   2.0190281e-02   2.0423667e-03   4.9825645e-02   1.2563508e-01   1.8774255e-02   2.7041149e-01   3.8650937e-04   8.1881688e-02   1.0150383e-03   4.2298505e-03   7.6061732e-03   8.3485519e-01   3.8406991e-02   6.4822164e-01   2.4433992e-02   2.0895776e-08   8.6913297e-05   8.8263987e-05   3.1499275e-11   5.4774204e-01   5.6027892e-01   5.0904098e-02   3.5669928e-02   9.6711917e-01   6.7396719e-01   4.4937099e-75   6.6851726e-01   2.0592107e-74   7.0126422e-01  8.0345807e-119
