   0.0000000e+00   1.2822522e-02   5.6654064e-01   1.5341172e-03   8.1426338e-02   4.1972162e-02   7.5690178e-01   3.4299642e-02   2.2536090e-01   4.1897672e-02   9.1069254e-01   5.9911773e-01   6.8037657e-01   7.9911193e-01   3.2880717e-01   4.9706650e-01   6.0265226e-01   5.4717233e-01   9.5760389e-01   5.2491270e-01   5.6942825e-01   1.7237836e-01   5.3196508e-02   3.2241273e-01   3.4851041e-01   8.6195074e-01   3.5498977e-01   8.6193927e-01   3.2530248e-01   8.6199999e-01
   1.2822522e-02   0.0000000e+00   5.0241050e-02   2.2095388e-03   6.4459784e-04   3.6354786e-04   5.1180749e-01   1.3847699e-03   4.5006443e-04   1.0029216e-02   1.3850496e-01   9.7524500e-01   3.7271832e-01   7.9193078e-01   5.2219741e-01   3.1851413e-01   8.1213217e-01   9.7470109e-01   2.1819837e-01   4.6397148e-01   5.3590013e-01   8.8611315e-03   1.3210094e-01   1.7498646e-01   1.1422673e-01   1.9262812e-01   1.1738466e-01   1.9262281e-01   1.0483271e-01   1.9264743e-01
   5.6654064e-01   5.0241050e-02   0.0000000e+00   3.4737992e-01   1.5906464e-04   6.8952906e-04   8.3559482e-01   3.8129678e-01   1.5435169e-07   1.6868134e-01   1.5051489e-02   9.5652894e-01   5.3978802e-01   9.2206267e-01   4.1159065e-01   1.9425650e-01   4.1027387e-01   2.6386529e-01   8.4798679e-01   6.4077471e-01   5.7331292e-01   3.1153787e-01   6.9402459e-01   3.6079014e-01   6.4986578e-02   7.7805908e-01   5.9171742e-02   7.7806224e-01   9.6302022e-02   7.7807551e-01
   1.5341172e-03   2.2095388e-03   3.4737992e-01   0.0000000e+00   2.0006164e-02   1.0187630e-02   9.5441455e-01   2.7723387e-02   1.0414011e-01   6.9650878e-02   7.6491245e-01   8.2431887e-01   9.6466693e-01   8.9219306e-01   7.0247512e-01   7.5179100e-01   6.6941218e-01   5.8115945e-01   7.3562020e-01   2.5713640e-01   2.7900011e-01   2.6498670e-03   1.9035977e-03   1.9145354e-01   3.1696632e-01   6.7536299e-01   3.2707646e-01   6.7535164e-01   2.8101129e-01   6.7541518e-01
   8.1426338e-02   6.4459784e-04   1.5906464e-04   2.0006164e-02   0.0000000e+00   1.8482178e-11   4.9517949e-01   6.6293503e-01   8.7844928e-06   9.9132632e-01   1.0875484e-01   7.0348651e-01   2.1086383e-01   9.4374769e-01   3.8591115e-01   3.4864634e-01   5.5717234e-01   4.1835096e-01   7.1681285e-01   1.2287748e-01   1.1574370e-01   1.2510744e-01   5.1785668e-01   6.1214609e-01   6.5376620e-01   8.4939853e-01   6.1816384e-01   8.4938412e-01   8.0808808e-01   8.4944043e-01
   4.1972162e-02   3.6354786e-04   6.8952906e-04   1.0187630e-02   1.8482178e-11  8.0345807e-119   2.3651434e-01   4.4929981e-01   1.8688353e-05   7.1585724e-01   1.6004481e-01   3.5038326e-01   8.8378895e-02   4.8034210e-01   2.1926506e-01   2.1071027e-01   8.8793951e-01   6.9263236e-01   4.6813855e-01   3.1112468e-02   3.2184657e-02   1.1608660e-01   6.7751297e-01   2.3281259e-01   9.2809758e-01   5.3180085e-01   9.7645453e-01   5.3178429e-01   7.3616782e-01   5.3185891e-01
   7.5690178e-01   5.1180749e-01   8.3559482e-01   9.5441455e-01   4.9517949e-01   2.3651434e-01   0.0000000e+00   5.0426864e-01   4.1811110e-01   4.5565488e-01   8.7372135e-01   7.7051317e-09   1.3632307e-10   6.9046016e-08   4.1593939e-09   1.8231686e-05   5.7693979e-05   5.3981076e-04   4.5742667e-06   9.9847506e-05   1.2018340e-04   3.6260180e-01   9.0019875e-03   1.0145763e-02   3.0912338e-02   1.5039802e-05   3.5386826e-02   1.5036994e-05   1.8127062e-02   1.5051648e-05
   3.4299642e-02   1.3847699e-03   3.8129678e-01   2.7723387e-02   6.6293503e-01   4.4929981e-01   5.0426864e-01  1.4544145e-116   5.8230165e-01   1.0477389e-11   8.6587720e-01   9.4283435e-01   6.6727857e-01   5.0322269e-01   8.2039938e-01   5.9242735e-01   1.7702817e-01   1.8749679e-01   7.7734272e-02   7.6298810e-01   9.2385638e-01   5.4585976e-02   2.0425319e-01   2.0032578e-02   3.2558179e-05   3.5796337e-02   2.6211915e-05   3.5795211e-02   9.3085372e-05   3.5803048e-02
   2.2536090e-01   4.5006443e-04   1.5435169e-07   1.0414011e-01   8.7844928e-06   1.8688353e-05   4.1811110e-01   5.8230165e-01   0.0000000e+00   9.6639011e-01   1.1710419e-02   6.5890866e-01   2.3920344e-01   6.3961361e-01   1.9098630e-01   6.4200391e-02   9.0534987e-01   6.6522786e-01   5.0108999e-01   3.7911982e-01   3.7176852e-01   9.9639845e-02   6.1015983e-01   9.1648413e-01   6.6773678e-01   5.0205464e-01   6.4279212e-01   5.0204790e-01   7.7534390e-01   5.0206219e-01
   4.1897672e-02   1.0029216e-02   1.6868134e-01   6.9650878e-02   9.9132632e-01   7.1585724e-01   4.5565488e-01   1.0477389e-11   9.6639011e-01   0.0000000e+00   9.0217821e-01   8.6293036e-01   6.4836823e-01   4.2547387e-01   8.8213699e-01   7.0958100e-01   1.3194176e-01   1.3259031e-01   8.0044193e-02   7.3639605e-01   9.0742730e-01   1.1257804e-01   3.4483466e-01   1.0207485e-02   2.6740934e-06   3.7530493e-02   1.9466764e-06   3.7529169e-02   1.2093859e-05   3.7538669e-02
   9.1069254e-01   1.3850496e-01   1.5051489e-02   7.6491245e-01   1.0875484e-01   1.6004481e-01   8.7372135e-01   8.6587720e-01   1.1710419e-02   9.0217821e-01   0.0000000e+00   8.3057209e-01   8.3111508e-01   9.8836750e-01   5.4931914e-01   1.1202664e-01   8.5517773e-01   9.5229098e-01   7.4202758e-01   7.7501837e-01   8.1476737e-01   8.6297811e-01   6.7157225e-01   3.5894972e-01   5.0409719e-01   6.0112771e-01   5.0759597e-01   6.0113180e-01   4.9398184e-01   6.0108396e-01
   5.9911773e-01   9.7524500e-01   9.5652894e-01   8.2431887e-01   7.0348651e-01   3.5038326e-01   7.7051317e-09   9.4283435e-01   6.5890866e-01   8.6293036e-01   8.3057209e-01   0.0000000e+00   7.1132970e-08   7.0497819e-10   4.3022019e-07   6.5420778e-04   2.0817469e-03   8.2839260e-03   1.2627527e-03   1.7739017e-05   2.3119644e-05   8.0595589e-01   4.2238001e-03   8.2750673e-03   9.8644246e-02   1.4519098e-03   1.1351114e-01   1.4517352e-03   5.4420177e-02   1.4527025e-03
   6.8037657e-01   3.7271832e-01   5.3978802e-01   9.6466693e-01   2.1086383e-01   8.8378895e-02   1.3632307e-10   6.6727857e-01   2.3920344e-01   6.4836823e-01   8.3111508e-01   7.1132970e-08   0.0000000e+00   4.3555240e-06   7.8665884e-09   1.5100258e-04   2.2289136e-03   8.8536193e-03   1.8675789e-04   2.9112163e-05   3.8194112e-05   4.1023536e-01   8.0552203e-03   8.3392924e-03   7.2150511e-02   6.7921440e-04   8.3238398e-02   6.7912083e-04   3.9767183e-02   6.7960550e-04
   7.9911193e-01   7.9193078e-01   9.2206267e-01   8.9219306e-01   9.4374769e-01   4.8034210e-01   6.9046016e-08   5.0322269e-01   6.3961361e-01   4.2547387e-01   9.8836750e-01   7.0497819e-10   4.3555240e-06   0.0000000e+00   4.2738968e-06   3.0478201e-04   5.2923633e-04   3.2390708e-03   7.7717556e-04   2.1379053e-04   3.8003452e-04   7.5476191e-01   9.0365539e-03   2.3891645e-03   2.2938510e-02   3.2413650e-04   2.7451658e-02   3.2408300e-04   1.0949721e-02   3.2438193e-04
   3.2880717e-01   5.2219741e-01   4.1159065e-01   7.0247512e-01   3.8591115e-01   2.1926506e-01   4.1593939e-09   8.2039938e-01   1.9098630e-01   8.8213699e-01   5.4931914e-01   4.3022019e-07   7.8665884e-09   4.2738968e-06  8.0345807e-119   5.2515577e-07   4.7461539e-04   2.8005308e-03   5.0629561e-05   1.3748388e-03   1.2884018e-03   4.0291493e-01   8.0781057e-03   6.9486523e-02   1.5346728e-01   1.3872835e-04   1.6669250e-01   1.3871616e-04   1.1014737e-01   1.3876992e-04
   4.9706650e-01   3.1851413e-01   1.9425650e-01   7.5179100e-01   3.4864634e-01   2.1071027e-01   1.8231686e-05   5.9242735e-01   6.4200391e-02   7.0958100e-01   1.1202664e-01   6.5420778e-04   1.5100258e-04   3.0478201e-04   5.2515577e-07   0.0000000e+00   6.0421379e-05   4.4275806e-04   4.1004284e-05   1.8296038e-02   1.6704023e-02   3.5569594e-01   3.2074044e-02   2.2488784e-01   2.0748336e-01   2.2327496e-05   2.1669311e-01   2.2326938e-05   1.7620698e-01   2.2325327e-05
   6.0265226e-01   8.1213217e-01   4.1027387e-01   6.6941218e-01   5.5717234e-01   8.8793951e-01   5.7693979e-05   1.7702817e-01   9.0534987e-01   1.3194176e-01   8.5517773e-01   2.0817469e-03   2.2289136e-03   5.2923633e-04   4.7461539e-04   6.0421379e-05   0.0000000e+00   4.4535418e-14   3.0133714e-07   3.5350871e-02   3.8054374e-02   4.1844676e-01   4.2521087e-02   6.2049276e-02   6.7546732e-03   4.2467025e-08   6.7215032e-03   4.2468491e-08   7.5101551e-03   4.2465656e-08
   5.4717233e-01   9.7470109e-01   2.6386529e-01   5.8115945e-01   4.1835096e-01   6.9263236e-01   5.3981076e-04   1.8749679e-01   6.6522786e-01   1.3259031e-01   9.5229098e-01   8.2839260e-03   8.8536193e-03   3.2390708e-03   2.8005308e-03   4.4275806e-04   4.4535418e-14   0.0000000e+00   5.0943556e-06   6.2808746e-02   6.6063255e-02   5.5972528e-01   4.7141303e-02   8.9619499e-02   9.0427612e-03   1.4339883e-06   8.7919045e-03   1.4340725e-06   1.0933201e-02   1.4337765e-06
   9.5760389e-01   2.1819837e-01   8.4798679e-01   7.3562020e-01   7.1681285e-01   4.6813855e-01   4.5742667e-06   7.7734272e-02   5.0108999e-01   8.0044193e-02   7.4202758e-01   1.2627527e-03   1.8675789e-04   7.7717556e-04   5.0629561e-05   4.1004284e-05   3.0133714e-07   5.0943556e-06  1.4544145e-116   1.8873825e-02   1.8862648e-02   5.8381669e-02   1.6780501e-01   7.1988012e-02   6.5135109e-03   4.7718552e-12   6.4311379e-03   4.7729155e-12   7.4615898e-03   4.7660391e-12
   5.2491270e-01   4.6397148e-01   6.4077471e-01   2.5713640e-01   1.2287748e-01   3.1112468e-02   9.9847506e-05   7.6298810e-01   3.7911982e-01   7.3639605e-01   7.7501837e-01   1.7739017e-05   2.9112163e-05   2.1379053e-04   1.3748388e-03   1.8296038e-02   3.5350871e-02   6.2808746e-02   1.8873825e-02   0.0000000e+00   2.1318718e-17   7.2036989e-01   6.2076425e-02   1.5285069e-03   1.6849576e-01   2.2110686e-02   1.9804930e-01   2.2108247e-02   8.1513212e-02   2.2121368e-02
   5.6942825e-01   5.3590013e-01   5.7331292e-01   2.7900011e-01   1.1574370e-01   3.2184657e-02   1.2018340e-04   9.2385638e-01   3.7176852e-01   9.0742730e-01   8.1476737e-01   2.3119644e-05   3.8194112e-05   3.8003452e-04   1.2884018e-03   1.6704023e-02   3.8054374e-02   6.6063255e-02   1.8862648e-02   2.1318718e-17   0.0000000e+00   7.0786997e-01   6.2579626e-02   5.2030746e-03   2.5949248e-01   2.4512776e-02   2.9698240e-01   2.4510361e-02   1.4146802e-01   2.4523118e-02
   1.7237836e-01   8.8611315e-03   3.1153787e-01   2.6498670e-03   1.2510744e-01   1.1608660e-01   3.6260180e-01   5.4585976e-02   9.9639845e-02   1.1257804e-01   8.6297811e-01   8.0595589e-01   4.1023536e-01   7.5476191e-01   4.0291493e-01   3.5569594e-01   4.1844676e-01   5.5972528e-01   5.8381669e-02   7.2036989e-01   7.0786997e-01  1.4544145e-116   1.6687453e-02   7.0516880e-01   2.1430587e-01   9.2651484e-02   2.0327699e-01   9.2653566e-02   2.6729529e-01   9.2641292e-02
   5.3196508e-02   1.3210094e-01   6.9402459e-01   1.9035977e-03   5.1785668e-01   6.7751297e-01   9.0019875e-03   2.0425319e-01   6.1015983e-01   3.4483466e-01   6.7157225e-01   4.2238001e-03   8.0552203e-03   9.0365539e-03   8.0781057e-03   3.2074044e-02   4.2521087e-02   4.7141303e-02   1.6780501e-01   6.2076425e-02   6.2579626e-02   1.6687453e-02   0.0000000e+00   2.8028339e-01   7.0600193e-01   1.9143043e-01   7.3902535e-01   1.9142569e-01   5.8083447e-01   1.9144949e-01
   3.2241273e-01   1.7498646e-01   3.6079014e-01   1.9145354e-01   6.1214609e-01   2.3281259e-01   1.0145763e-02   2.0032578e-02   9.1648413e-01   1.0207485e-02   3.5894972e-01   8.2750673e-03   8.3392924e-03   2.3891645e-03   6.9486523e-02   2.2488784e-01   6.2049276e-02   8.9619499e-02   7.1988012e-02   1.5285069e-03   5.2030746e-03   7.0516880e-01   2.8028339e-01   0.0000000e+00   9.4102202e-05   4.2669850e-02   1.6750126e-04   4.2664653e-02   6.3497934e-06   4.2695869e-02
   3.4851041e-01   1.1422673e-01   6.4986578e-02   3.1696632e-01   6.5376620e-01   9.2809758e-01   3.0912338e-02   3.2558179e-05   6.6773678e-01   2.6740934e-06   5.0409719e-01   9.8644246e-02   7.2150511e-02   2.2938510e-02   1.5346728e-01   2.0748336e-01   6.7546732e-03   9.0427612e-03   6.5135109e-03   1.6849576e-01   2.5949248e-01   2.1430587e-01   7.0600193e-01   9.4102202e-05   0.0000000e+00   2.4435940e-03   1.4717905e-24   2.4433513e-03   1.8985487e-15   2.4449960e-03
   8.6195074e-01   1.9262812e-01   7.7805908e-01   6.7536299e-01   8.4939853e-01   5.3180085e-01   1.5039802e-05   3.5796337e-02   5.0205464e-01   3.7530493e-02   6.0112771e-01   1.4519098e-03   6.7921440e-04   3.2413650e-04   1.3872835e-04   2.2327496e-05   4.2467025e-08   1.4339883e-06   4.7718552e-12   2.2110686e-02   2.4512776e-02   9.2651484e-02   1.9143043e-01   4.2669850e-02   2.4435940e-03   0.0000000e+00   2.4315699e-03   1.5517603e-74   2.7825456e-03   2.2046973e-64
   3.5498977e-01   1.1738466e-01   5.9171742e-02   3.2707646e-01   6.1816384e-01   9.7645453e-01   3.5386826e-02   2.6211915e-05   6.4279212e-01   1.9466764e-06   5.0759597e-01   1.1351114e-01   8.3238398e-02   2.7451658e-02   1.6669250e-01   2.1669311e-01   6.7215032e-03   8.7919045e-03   6.4311379e-03   1.9804930e-01   2.9698240e-01   2.0327699e-01   7.3902535e-01   1.6750126e-04   1.4717905e-24   2.4315699e-03   0.0000000e+00   2.4313446e-03   5.0949848e-14   2.4328927e-03
   8.6193927e-01   1.9262281e-01   7.7806224e-01   6.7535164e-01   8.4938412e-01   5.3178429e-01   1.5036994e-05   3.5795211e-02   5.0204790e-01   3.7529169e-02   6.0113180e-01   1.4517352e-03   6.7912083e-04   3.2408300e-04   1.3871616e-04   2.2326938e-05   4.2468491e-08   1.4340725e-06   4.7729155e-12   2.2108247e-02   2.4510361e-02   9.2653566e-02   1.9142569e-01   4.2664653e-02   2.4433513e-03   1.5517603e-74   2.4313446e-03   0.0000000e+00   2.7822037e-03   3.6401070e-63
   3.2530248e-01   1.0483271e-01   9.6302022e-02   2.8101129e-01   8.0808808e-01   7.3616782e-01   1.8127062e-02   9.3085372e-05   7.7534390e-01   1.2093859e-05   4.9398184e-01   5.4420177e-02   3.9767183e-02   1.0949721e-02   1.1014737e-01   1.7620698e-01   7.5101551e-03   1.0933201e-02   7.4615898e-03   8.1513212e-02   1.4146802e-01   2.6729529e-01   5.8083447e-01   6.3497934e-06   1.8985487e-15   2.7825456e-03   5.0949848e-14   2.7822037e-03   0.0000000e+00   2.7844232e-03
   8.6199999e-01   1.9264743e-01   7.7807551e-01   6.7541518e-01   8.4944043e-01   5.3185891e-01   1.5051648e-05   3.5803048e-02   5.0206219e-01   3.7538669e-02   6.0108396e-01   1.4527025e-03   6.7960550e-04   3.2438193e-04   1.3876992e-04   2.2325327e-05   4.2465656e-08   1.4337765e-06   4.7660391e-12   2.2121368e-02   2.4523118e-02   9.2641292e-02   1.9144949e-01   4.2695869e-02   2.4449960e-03   2.2046973e-64   2.4328927e-03   3.6401070e-63   2.7844232e-03  8.0345807e-119
