  8.0345807e-119   3.2550731e-05   5.6918789e-01   6.3604533e-04   3.5829648e-01   6.9651865e-01   7.0094407e-11   5.2473305e-05   1.3829230e-09   1.7492908e-02
   3.2550731e-05   0.0000000e+00   8.5687428e-01   1.0989419e-02   8.2806470e-01   3.8514487e-01   1.6603305e-07   7.3038683e-02   3.9105467e-08   5.9087921e-01
   5.6918789e-01   8.5687428e-01   0.0000000e+00   4.4365338e-01   4.8767285e-01   3.9315653e-01   6.8373503e-01   6.1174382e-01   7.1870076e-01   4.3045408e-01
   6.3604533e-04   1.0989419e-02   4.4365338e-01   0.0000000e+00   1.6430079e-02   8.5794747e-01   4.6461534e-03   6.6277874e-02   7.4255078e-03   3.5527041e-01
   3.5829648e-01   8.2806470e-01   4.8767285e-01   1.6430079e-02   0.0000000e+00   1.9515631e-02   5.6882865e-01   2.6401090e-01   6.2115367e-01   1.5078720e-01
   6.9651865e-01   3.8514487e-01   3.9315653e-01   8.5794747e-01   1.9515631e-02   0.0000000e+00   6.2137024e-01   5.7439780e-01   5.6325206e-01   2.4606396e-01
   7.0094407e-11   1.6603305e-07   6.8373503e-01   4.6461534e-03   5.6882865e-01   6.2137024e-01   0.0000000e+00   4.7164507e-04   2.7677258e-18   4.9414863e-02
   5.2473305e-05   7.3038683e-02   6.1174382e-01   6.6277874e-02   2.6401090e-01   5.7439780e-01   4.7164507e-04   0.0000000e+00   9.9197747e-04   2.1547220e-07
   1.3829230e-09   3.9105467e-08   7.1870076e-01   7.4255078e-03   6.2115367e-01   5.6325206e-01   2.7677258e-18   9.9197747e-04   0.0000000e+00   6.8996791e-02
   1.7492908e-02   5.9087921e-01   4.3045408e-01   3.5527041e-01   1.5078720e-01   2.4606396e-01   4.9414863e-02   2.1547220e-07   6.8996791e-02  8.0345807e-119
