   0.0000000e+00   7.8102416e-04   3.5017590e-01   1.1852080e-05   2.5089039e-03   1.6342982e-03   1.9428134e-01   6.6941837e-03   3.8767614e-02   4.7024891e-03   7.4529852e-01   2.8923773e-01   1.6643388e-01   3.7524422e-01   7.7580304e-01   8.8393962e-01   6.5886632e-01   6.9869589e-01   2.9153611e-01   1.3821287e-01   1.3667111e-01   3.1915305e-04   6.7505783e-03   1.2545215e-01   7.7819291e-02   2.0651143e-01   7.7748579e-02   2.0650886e-01   7.9094121e-02   2.0652274e-01
   7.8102416e-04  8.0345807e-119   1.5596520e-01   2.6169548e-04   2.4904278e-04   2.7317036e-04   8.4053552e-02   1.7993835e-05   1.7975693e-04   3.3010588e-04   8.2955829e-02   2.2507569e-01   5.3952489e-02   3.4569470e-01   2.5841994e-01   1.8280391e-01   3.1554392e-01   3.1582420e-01   2.1633076e-02   1.3229140e-01   1.4127291e-01   2.7554265e-03   5.0094795e-02   6.1837086e-02   3.0582130e-03   1.2027854e-02   2.7677657e-03   1.2027584e-02   4.6714125e-03   1.2028969e-02
   3.5017590e-01   1.5596520e-01  1.4544145e-116   3.5436076e-01   1.4058086e-03   4.7347421e-04   2.0694166e-01   5.9206462e-01   2.4823709e-05   3.2457499e-01   2.0819036e-02   2.9769112e-01   1.2993345e-01   4.0622146e-01   1.0686516e-01   5.0684044e-02   8.0701054e-01   9.6970919e-01   3.6034277e-01   4.5524837e-01   4.5495593e-01   1.3555307e-01   8.1852402e-01   4.3222324e-01   4.1720056e-01   3.3319423e-01   4.1871895e-01   3.3319287e-01   4.1253251e-01   3.3320026e-01
   1.1852080e-05   2.6169548e-04   3.5436076e-01   0.0000000e+00   3.9150070e-03   2.2402141e-03   1.8991190e-01   2.0431076e-03   2.2504061e-02   3.2744090e-03   9.4079949e-01   2.4221613e-01   1.6717226e-01   3.2365420e-01   5.9973424e-01   6.5901261e-01   4.5150698e-01   4.6015932e-01   1.6334226e-01   7.2569829e-02   7.4565851e-02   1.5523427e-04   4.5574062e-04   4.9847724e-02   5.0736762e-02   1.1340137e-01   5.2205930e-02   1.1339924e-01   4.6256792e-02   1.1341088e-01
   2.5089039e-03   2.4904278e-04   1.4058086e-03   3.9150070e-03   0.0000000e+00   8.5467514e-12   6.2560965e-02   1.5093971e-01   2.1388615e-05   2.8609102e-01   7.0890731e-02   1.4574920e-01   1.7846307e-02   3.5048865e-01   1.4572774e-01   1.7424602e-01   6.6867353e-01   7.0329314e-01   4.9510414e-02   1.2900683e-01   1.2485151e-01   1.3992037e-03   1.2961274e-01   1.4484929e-01   1.4002994e-01   8.0649570e-02   1.4218459e-01   8.0648604e-02   1.3359872e-01   8.0654184e-02
   1.6342982e-03   2.7317036e-04   4.7347421e-04   2.2402141e-03   8.5467514e-12   0.0000000e+00   2.8570266e-02   1.4120845e-01   2.8597060e-06   2.5967174e-01   8.7727368e-02   6.0425142e-02   7.6498484e-03   1.6020420e-01   7.0219614e-02   9.3295235e-02   4.5538771e-01   5.2127646e-01   7.3568611e-02   5.3380388e-02   5.2454445e-02   7.1060630e-04   1.7494162e-01   5.3393514e-02   5.4432204e-02   6.1396063e-02   5.6125563e-02   6.1394832e-02   4.9308984e-02   6.1401763e-02
   1.9428134e-01   8.4053552e-02   2.0694166e-01   1.8991190e-01   6.2560965e-02   2.8570266e-02   0.0000000e+00   3.4465050e-01   5.7535621e-02   1.5939652e-01   4.1081335e-01   7.1171841e-07   5.6816883e-10   7.0006230e-07   2.8678088e-08   2.6657023e-05   8.0308862e-05   3.5123859e-04   1.8184145e-03   2.8338962e-03   3.1520298e-03   3.9752449e-03   5.3104557e-01   1.4269959e-03   6.6886458e-04   2.8313529e-05   7.4572891e-04   2.8310504e-05   4.8322978e-04   2.8328062e-05
   6.6941837e-03   1.7993835e-05   5.9206462e-01   2.0431076e-03   1.5093971e-01   1.4120845e-01   3.4465050e-01   0.0000000e+00   1.0702510e-01   5.2985158e-10   4.8483266e-01   5.3513962e-01   3.6455175e-01   5.6119785e-01   7.7807713e-01   6.3831397e-01   2.9482092e-01   2.5997234e-01   1.5430714e-01   2.6346094e-01   2.8392794e-01   4.7658207e-02   4.8952992e-02   1.1808069e-01   4.3528842e-03   5.8679572e-02   3.8096692e-03   5.8678737e-02   7.4389623e-03   5.8682956e-02
   3.8767614e-02   1.7975693e-04   2.4823709e-05   2.2504061e-02   2.1388615e-05   2.8597060e-06   5.7535621e-02   1.0702510e-01  1.4544145e-116   2.7372150e-01   6.2998295e-03   1.5602518e-01   3.4502920e-02   2.3486768e-01   5.3936984e-02   1.6856495e-02   3.4489147e-01   4.3166703e-01   6.1418043e-02   1.9773300e-01   2.0695333e-01   1.1137277e-02   3.0044790e-01   1.1510616e-01   1.7772848e-02   2.7899760e-02   1.6804991e-02   2.7899348e-02   2.2626086e-02   2.7901509e-02
   4.7024891e-03   3.3010588e-04   3.2457499e-01   3.2744090e-03   2.8609102e-01   2.5967174e-01   1.5939652e-01   5.2985158e-10   2.7372150e-01   0.0000000e+00   7.3627712e-01   3.1372168e-01   2.2339037e-01   2.8938346e-01   5.7438921e-01   5.0547032e-01   1.1158640e-01   9.6411346e-02   9.2272861e-02   1.9153888e-01   2.0714868e-01   2.6223411e-02   7.8837380e-02   8.3435382e-02   2.4658450e-03   2.3833877e-02   2.1559091e-03   2.3833438e-02   4.2748962e-03   2.3835683e-02
   7.4529852e-01   8.2955829e-02   2.0819036e-02   9.4079949e-01   7.0890731e-02   8.7727368e-02   4.1081335e-01   4.8483266e-01   6.2998295e-03   7.3627712e-01   0.0000000e+00   8.3978922e-01   4.5100381e-01   8.3211604e-01   3.7286484e-01   6.1595121e-02   5.4078490e-01   5.5207219e-01   1.3607184e-01   8.5921328e-01   8.4844035e-01   5.2751825e-01   8.3794911e-01   9.7453299e-01   2.6481562e-01   1.1128858e-01   2.4678071e-01   1.1128984e-01   3.4468206e-01   1.1128313e-01
   2.8923773e-01   2.2507569e-01   2.9769112e-01   2.4221613e-01   1.4574920e-01   6.0425142e-02   7.1171841e-07   5.3513962e-01   1.5602518e-01   3.1372168e-01   8.3978922e-01   0.0000000e+00   4.9022159e-08   1.5083663e-11   5.0277102e-06   5.1158269e-03   9.2134029e-03   2.2486590e-02   1.1776495e-01   8.0175407e-07   9.2523516e-07   7.3126255e-02   1.8459316e-01   1.2360671e-06   4.7068392e-04   1.6891560e-02   6.4953349e-04   1.6890480e-02   1.3163068e-04   1.6896635e-02
   1.6643388e-01   5.3952489e-02   1.2993345e-01   1.6717226e-01   1.7846307e-02   7.6498484e-03   5.6816883e-10   3.6455175e-01   3.4502920e-02   2.2339037e-01   4.5100381e-01   4.9022159e-08   0.0000000e+00   2.5035611e-06   2.3116210e-07   6.0491600e-04   3.9270756e-03   8.9477759e-03   9.2054610e-03   3.1504796e-04   3.4579612e-04   8.4893070e-03   4.1687745e-01   2.2788783e-04   7.8065030e-04   1.0272855e-03   9.4221626e-04   1.0272042e-03   4.0117658e-04   1.0276731e-03
   3.7524422e-01   3.4569470e-01   4.0622146e-01   3.2365420e-01   3.5048865e-01   1.6020420e-01   7.0006230e-07   5.6119785e-01   2.3486768e-01   2.8938346e-01   8.3211604e-01   1.5083663e-11   2.5035611e-06   0.0000000e+00   5.0936459e-06   2.1691374e-03   2.1846950e-03   7.5522518e-03   1.1751934e-01   1.6020980e-05   1.9847271e-05   9.0713038e-02   1.6979105e-01   7.6348559e-06   2.9607679e-04   1.0274211e-02   3.9702576e-04   1.0273534e-02   9.6821478e-05   1.0277400e-02
   7.7580304e-01   2.5841994e-01   1.0686516e-01   5.9973424e-01   1.4572774e-01   7.0219614e-02   2.8678088e-08   7.7807713e-01   5.3936984e-02   5.7438921e-01   3.7286484e-01   5.0277102e-06   2.3116210e-07   5.0936459e-06   0.0000000e+00   1.0212986e-06   4.4466219e-04   1.7823849e-03   1.1247069e-02   8.1068036e-03   8.9842435e-03   4.9758715e-02   1.8462327e-01   4.4450042e-03   2.7435099e-03   4.6283715e-04   2.9880243e-03   4.6280751e-04   2.1199901e-03   4.6298074e-04
   8.8393962e-01   1.8280391e-01   5.0684044e-02   6.5901261e-01   1.7424602e-01   9.3295235e-02   2.6657023e-05   6.3831397e-01   1.6856495e-02   5.0547032e-01   6.1595121e-02   5.1158269e-03   6.0491600e-04   2.1691374e-03   1.0212986e-06   0.0000000e+00   1.7255704e-05   7.7243494e-05   1.1938439e-03   1.6228335e-01   1.7546662e-01   4.2459860e-02   4.5168128e-01   8.2006371e-02   7.1520165e-03   7.7564159e-06   6.7136608e-03   7.7562153e-06   9.5478713e-03   7.7574303e-06
   6.5886632e-01   3.1554392e-01   8.0701054e-01   4.5150698e-01   6.6867353e-01   4.5538771e-01   8.0308862e-05   2.9482092e-01   3.4489147e-01   1.1158640e-01   5.4078490e-01   9.2134029e-03   3.9270756e-03   2.1846950e-03   4.4466219e-04   1.7255704e-05   0.0000000e+00   3.6854321e-15   2.7679461e-03   1.7366745e-01   1.8868257e-01   2.4205349e-02   8.0230470e-01   8.5083751e-02   8.5351142e-03   1.1695267e-05   8.0618660e-03   1.1694963e-05   1.1104575e-02   1.1696710e-05
   6.9869589e-01   3.1582420e-01   9.6970919e-01   4.6015932e-01   7.0329314e-01   5.2127646e-01   3.5123859e-04   2.5997234e-01   4.3166703e-01   9.6411346e-02   5.5207219e-01   2.2486590e-02   8.9477759e-03   7.5522518e-03   1.7823849e-03   7.7243494e-05   3.6854321e-15   0.0000000e+00   1.9195255e-03   2.4883151e-01   2.6686138e-01   2.9654271e-02   9.0459016e-01   1.3521724e-01   1.7012787e-02   1.6682955e-05   1.6047449e-02   1.6682800e-05   2.2011741e-02   1.6683686e-05
   2.9153611e-01   2.1633076e-02   3.6034277e-01   1.6334226e-01   4.9510414e-02   7.3568611e-02   1.8184145e-03   1.5430714e-01   6.1418043e-02   9.2272861e-02   1.3607184e-01   1.1776495e-01   9.2054610e-03   1.1751934e-01   1.1247069e-02   1.1938439e-03   2.7679461e-03   1.9195255e-03  1.4544145e-116   5.0425593e-01   5.2143319e-01   6.0723016e-03   4.3277865e-01   3.6440559e-01   9.0084422e-02   1.7020101e-07   8.5708679e-02   1.7021663e-07   1.1038804e-01   1.7013096e-07
   1.3821287e-01   1.3229140e-01   4.5524837e-01   7.2569829e-02   1.2900683e-01   5.3380388e-02   2.8338962e-03   2.6346094e-01   1.9773300e-01   1.9153888e-01   8.5921328e-01   8.0175407e-07   3.1504796e-04   1.6020980e-05   8.1068036e-03   1.6228335e-01   1.7366745e-01   2.4883151e-01   5.0425593e-01   0.0000000e+00   5.6237620e-25   2.0778042e-01   3.6110361e-01   1.1581355e-11   7.4555338e-04   2.0109411e-01   1.1102179e-03   2.0108553e-01   1.3750562e-04   2.0113386e-01
   1.3667111e-01   1.4127291e-01   4.5495593e-01   7.4565851e-02   1.2485151e-01   5.2454445e-02   3.1520298e-03   2.8392794e-01   2.0695333e-01   2.0714868e-01   8.4844035e-01   9.2523516e-07   3.4579612e-04   1.9847271e-05   8.9842435e-03   1.7546662e-01   1.8868257e-01   2.6686138e-01   5.2143319e-01   5.6237620e-25   0.0000000e+00   2.1347028e-01   3.5871595e-01   6.5862466e-11   1.0431216e-03   2.1686629e-01   1.5279236e-03   2.1685730e-01   2.0721775e-04   2.1690799e-01
   3.1915305e-04   2.7554265e-03   1.3555307e-01   1.5523427e-04   1.3992037e-03   7.1060630e-04   3.9752449e-03   4.7658207e-02   1.1137277e-02   2.6223411e-02   5.2751825e-01   7.3126255e-02   8.4893070e-03   9.0713038e-02   4.9758715e-02   4.2459860e-02   2.4205349e-02   2.9654271e-02   6.0723016e-03   2.0778042e-01   2.1347028e-01   0.0000000e+00   1.1122753e-02   1.4528777e-01   4.8060966e-02   1.7681782e-03   4.6829410e-02   1.7681602e-03   5.4006996e-02   1.7682714e-03
   6.7505783e-03   5.0094795e-02   8.1852402e-01   4.5574062e-04   1.2961274e-01   1.7494162e-01   5.3104557e-01   4.8952992e-02   3.0044790e-01   7.8837380e-02   8.3794911e-01   1.8459316e-01   4.1687745e-01   1.6979105e-01   1.8462327e-01   4.5168128e-01   8.0230470e-01   9.0459016e-01   4.3277865e-01   3.6110361e-01   3.5871595e-01   1.1122753e-02   0.0000000e+00   4.4893646e-01   7.6754758e-01   6.1733286e-01   7.8810634e-01   6.1733780e-01   6.9462101e-01   6.1730932e-01
   1.2545215e-01   6.1837086e-02   4.3222324e-01   4.9847724e-02   1.4484929e-01   5.3393514e-02   1.4269959e-03   1.1808069e-01   1.1510616e-01   8.3435382e-02   9.7453299e-01   1.2360671e-06   2.2788783e-04   7.6348559e-06   4.4450042e-03   8.2006371e-02   8.5083751e-02   1.3521724e-01   3.6440559e-01   1.1581355e-11   6.5862466e-11   1.4528777e-01   4.4893646e-01  1.4544145e-116   2.2798786e-05   9.6411872e-02   4.0181145e-05   9.6406771e-02   1.9357013e-06   9.6435231e-02
   7.7819291e-02   3.0582130e-03   4.1720056e-01   5.0736762e-02   1.4002994e-01   5.4432204e-02   6.6886458e-04   4.3528842e-03   1.7772848e-02   2.4658450e-03   2.6481562e-01   4.7068392e-04   7.8065030e-04   2.9607679e-04   2.7435099e-03   7.1520165e-03   8.5351142e-03   1.7012787e-02   9.0084422e-02   7.4555338e-04   1.0431216e-03   4.8060966e-02   7.6754758e-01   2.2798786e-05   0.0000000e+00   3.7201791e-03   1.2716753e-25   3.7199009e-03   6.8850083e-17   3.7214161e-03
   2.0651143e-01   1.2027854e-02   3.3319423e-01   1.1340137e-01   8.0649570e-02   6.1396063e-02   2.8313529e-05   5.8679572e-02   2.7899760e-02   2.3833877e-02   1.1128858e-01   1.6891560e-02   1.0272855e-03   1.0274211e-02   4.6283715e-04   7.7564159e-06   1.1695267e-05   1.6682955e-05   1.7020101e-07   2.0109411e-01   2.1686629e-01   1.7681782e-03   6.1733286e-01   9.6411872e-02   3.7201791e-03   0.0000000e+00   3.3093685e-03   2.5281028e-79   6.0406630e-03   1.9480397e-69
   7.7748579e-02   2.7677657e-03   4.1871895e-01   5.2205930e-02   1.4218459e-01   5.6125563e-02   7.4572891e-04   3.8096692e-03   1.6804991e-02   2.1559091e-03   2.4678071e-01   6.4953349e-04   9.4221626e-04   3.9702576e-04   2.9880243e-03   6.7136608e-03   8.0618660e-03   1.6047449e-02   8.5708679e-02   1.1102179e-03   1.5279236e-03   4.6829410e-02   7.8810634e-01   4.0181145e-05   1.2716753e-25   3.3093685e-03   0.0000000e+00   3.3091227e-03   2.2168979e-15   3.3104591e-03
   2.0650886e-01   1.2027584e-02   3.3319287e-01   1.1339924e-01   8.0648604e-02   6.1394832e-02   2.8310504e-05   5.8678737e-02   2.7899348e-02   2.3833438e-02   1.1128984e-01   1.6890480e-02   1.0272042e-03   1.0273534e-02   4.6280751e-04   7.7562153e-06   1.1694963e-05   1.6682800e-05   1.7021663e-07   2.0108553e-01   2.1685730e-01   1.7681602e-03   6.1733780e-01   9.6406771e-02   3.7199009e-03   2.5281028e-79   3.3091227e-03   0.0000000e+00   6.0402091e-03   3.7313073e-68
   7.9094121e-02   4.6714125e-03   4.1253251e-01   4.6256792e-02   1.3359872e-01   4.9308984e-02   4.8322978e-04   7.4389623e-03   2.2626086e-02   4.2748962e-03   3.4468206e-01   1.3163068e-04   4.0117658e-04   9.6821478e-05   2.1199901e-03   9.5478713e-03   1.1104575e-02   2.2011741e-02   1.1038804e-01   1.3750562e-04   2.0721775e-04   5.4006996e-02   6.9462101e-01   1.9357013e-06   6.8850083e-17   6.0406630e-03   2.2168979e-15   6.0402091e-03  1.4544145e-116   6.0426960e-03
   2.0652274e-01   1.2028969e-02   3.3320026e-01   1.1341088e-01   8.0654184e-02   6.1401763e-02   2.8328062e-05   5.8682956e-02   2.7901509e-02   2.3835683e-02   1.1128313e-01   1.6896635e-02   1.0276731e-03   1.0277400e-02   4.6298074e-04   7.7574303e-06   1.1696710e-05   1.6683686e-05   1.7013096e-07   2.0113386e-01   2.1690799e-01   1.7682714e-03   6.1730932e-01   9.6435231e-02   3.7214161e-03   1.9480397e-69   3.3104591e-03   3.7313073e-68   6.0426960e-03   0.0000000e+00
