   0.0000000e+00   4.4861949e-03   3.3465124e-02   2.4999272e-06   6.6979081e-03   7.9145611e-03   7.1835312e-03   2.6978236e-03   4.6894176e-03   7.0011252e-02   9.9074860e-02   1.4377796e-02   9.6604097e-03   5.0916643e-02   1.2692159e-02   2.1412510e-02   6.4474589e-01   6.9667944e-01   4.3362131e-02   2.6836689e-02   2.6610943e-02   5.5221294e-04   1.8132708e-03   7.1576446e-01   6.8523281e-02   1.0501875e-02   6.5816589e-02   1.0501875e-02   8.4897748e-02   1.0501761e-02
   4.4861949e-03  1.6790920e-134   3.4604213e-07   2.1920192e-05   5.1617306e-07   3.1124449e-04   5.0571243e-05   1.2775947e-03   2.7554523e-08   1.3527055e-01   2.3051113e-04   5.4381327e-03   1.4065189e-08   2.9880046e-02   6.5290536e-05   5.3310203e-04   4.6916884e-01   4.6226346e-01   1.1015807e-06   7.8035477e-02   7.9389148e-02   3.0987853e-05   7.4191737e-03   6.1570030e-01   2.6230686e-02   4.1890967e-05   2.5680618e-02   4.1890967e-05   2.9674892e-02   4.1890637e-05
   3.3465124e-02   3.4604213e-07   0.0000000e+00   7.1162580e-05   1.0996967e-08   6.3770922e-06   4.4393780e-04   1.2417688e-01   1.9938502e-11   8.4594805e-01   1.6207093e-04   1.1506966e-02   2.2773990e-06   2.7723642e-02   1.6166027e-03   4.7368624e-03   3.8300077e-01   3.4351756e-01   3.7456243e-04   4.3019899e-02   4.3271346e-02   8.1671499e-04   2.1995154e-02   9.8162073e-01   2.9523129e-01   3.1847132e-03   2.9232625e-01   3.1847132e-03   3.1177637e-01   3.1846853e-03
   2.4999272e-06   2.1920192e-05   7.1162580e-05   0.0000000e+00   9.5956255e-06   2.3388082e-05   1.0182515e-05   2.8906195e-03   1.9359862e-06   1.1612728e-01   1.7230163e-02   1.8915874e-04   9.5332708e-06   1.1163318e-03   5.6737855e-05   5.1891957e-04   5.3906954e-01   6.3588623e-01   3.1998692e-03   2.3207506e-03   2.3444238e-03   1.2760536e-06   1.0497055e-03   9.9913433e-01   2.6244240e-02   2.2268770e-04   2.5163223e-02   2.2268770e-04   3.3041212e-02   2.2268382e-04
   6.6979081e-03   5.1617306e-07   1.0996967e-08   9.5956255e-06   0.0000000e+00   2.6520787e-10   2.7479774e-05   3.6172960e-02   8.7423656e-13   4.3260007e-01   8.1566790e-03   1.4644161e-03   7.0630716e-08   1.0408937e-02   7.5059500e-04   1.7206990e-02   3.9520608e-01   2.9295279e-01   3.8631530e-03   9.9112232e-03   9.9490673e-03   5.1643195e-05   4.7928424e-02   8.7750425e-01   1.8723605e-01   5.0329693e-03   1.8393161e-01   5.0329693e-03   2.0619952e-01   5.0329227e-03
   7.9145611e-03   3.1124449e-04   6.3770922e-06   2.3388082e-05   2.6520787e-10   0.0000000e+00   5.9285669e-05   9.1895665e-02   1.1258343e-07   6.2205391e-01   4.3777432e-02   2.3486950e-04   8.7600225e-06   1.4718204e-03   2.1789947e-03   5.4025547e-02   6.9336124e-01   5.0467212e-01   5.1765159e-02   3.2374841e-04   3.2367304e-04   8.4160272e-04   2.0524830e-01   7.7391337e-01   2.6469161e-01   2.5486667e-02   2.6022906e-01   2.5486667e-02   2.8987065e-01   2.5486485e-02
   7.1835312e-03   5.0571243e-05   4.4393780e-04   1.0182515e-05   2.7479774e-05   5.9285669e-05   0.0000000e+00   4.1967304e-03   7.9193333e-05   3.7870065e-02   5.1015161e-02   3.6867491e-08   4.3429260e-09   1.1394628e-06   6.9562473e-12   1.4360728e-05   1.6642677e-01   2.4620900e-01   1.3199174e-03   5.8773462e-04   6.2275889e-04   6.1986240e-07   1.1985116e-01   5.1267628e-01   6.3921158e-04   1.9700239e-06   5.9902577e-04   1.9700239e-06   9.2821690e-04   1.9700000e-06
   2.6978236e-03   1.2775947e-03   1.2417688e-01   2.8906195e-03   3.6172960e-02   9.1895665e-02   4.1967304e-03   0.0000000e+00   2.3092045e-02   3.7683480e-04   1.8200251e-01   1.7136774e-02   4.8768428e-03   5.3572835e-02   1.6923901e-03   1.0610973e-02   5.2805125e-01   5.7917807e-01   9.9047132e-03   1.6194471e-01   1.6974372e-01   1.7735530e-03   3.7267437e-02   2.1912488e-02   2.6424135e-05   1.0978500e-03   2.7554756e-05   1.0978500e-03   2.2007288e-05   1.0978792e-03
   4.6894176e-03   2.7554523e-08   1.9938502e-11   1.9359862e-06   8.7423656e-13   1.1258343e-07   7.9193333e-05   2.3092045e-02   0.0000000e+00   4.2924665e-01   2.5057644e-03   4.2175125e-03   2.8556369e-07   1.9338507e-02   7.4174342e-04   6.6268162e-03   4.3098480e-01   3.4975997e-01   7.6992001e-04   2.4687013e-02   2.4957760e-02   4.8186508e-05   1.0133762e-02   9.2835252e-01   1.6044498e-01   1.9919483e-03   1.5823175e-01   1.9919483e-03   1.7318036e-01   1.9919331e-03
   7.0011252e-02   1.3527055e-01   8.4594805e-01   1.1612728e-01   4.3260007e-01   6.2205391e-01   3.7870065e-02   3.7683480e-04   4.2924665e-01   0.0000000e+00   7.6107193e-01   1.1258252e-01   1.1878958e-01   1.8024739e-01   2.0578765e-02   2.8629324e-02   1.1066263e-01   1.3034359e-01   1.2504105e-01   6.0992811e-01   6.2486342e-01   1.0335735e-02   1.3495792e-01   3.2927477e-02   3.4240922e-04   1.4131165e-02   3.5367143e-04   1.4131165e-02   3.0031537e-04   1.4131380e-02
   9.9074860e-02   2.3051113e-04   1.6207093e-04   1.7230163e-02   8.1566790e-03   4.3777432e-02   5.1015161e-02   1.8200251e-01   2.5057644e-03   7.6107193e-01   0.0000000e+00   1.3949336e-01   3.5468086e-03   1.6557177e-01   2.6039083e-02   9.2408208e-03   3.5028563e-01   4.8399706e-01   3.4668180e-04   2.0915575e-01   2.1099937e-01   9.4217167e-02   9.9914789e-02   7.4557214e-01   3.5062569e-01   1.3742946e-02   3.4970324e-01   1.3742946e-02   3.5631265e-01   1.3742915e-02
   1.4377796e-02   5.4381327e-03   1.1506966e-02   1.8915874e-04   1.4644161e-03   2.3486950e-04   3.6867491e-08   1.7136774e-02   4.2175125e-03   1.1258252e-01   1.3949336e-01   0.0000000e+00   1.1628524e-05   6.1754371e-11   2.7641344e-07   1.8225884e-03   8.2877122e-02   1.3980290e-01   5.7656577e-02   7.5521424e-08   8.6525554e-08   9.0068580e-04   6.4549217e-01   7.3457799e-01   7.2275226e-04   1.3469703e-03   6.6193163e-04   1.3469703e-03   1.1735954e-03   1.3469607e-03
   9.6604097e-03   1.4065189e-08   2.2773990e-06   9.5332708e-06   7.0630716e-08   8.7600225e-06   4.3429260e-09   4.8768428e-03   2.8556369e-07   1.1878958e-01   3.5468086e-03   1.1628524e-05   0.0000000e+00   3.1132533e-04   1.0151323e-07   2.8208831e-04   9.3705431e-01   9.7052213e-01   1.8592068e-04   2.9400753e-03   3.0384894e-03   3.9674000e-06   8.6275728e-02   6.8271446e-01   7.2753630e-03   3.8924387e-05   6.9848555e-03   3.8924387e-05   9.1781547e-03   3.8923934e-05
   5.0916643e-02   2.9880046e-02   2.7723642e-02   1.1163318e-03   1.0408937e-02   1.4718204e-03   1.1394628e-06   5.3572835e-02   1.9338507e-02   1.8024739e-01   1.6557177e-01   6.1754371e-11   3.1132533e-04  6.0789625e-132   2.2543230e-06   8.5512085e-04   1.4226570e-02   2.8695546e-02   7.6060787e-02   1.1601481e-07   1.4128343e-07   6.5515056e-03   8.0681516e-01   4.9445232e-01   1.8645893e-03   1.2797873e-03   1.7732688e-03   1.2797873e-03   2.4970508e-03   1.2797844e-03
   1.2692159e-02   6.5290536e-05   1.6166027e-03   5.6737855e-05   7.5059500e-04   2.1789947e-03   6.9562473e-12   1.6923901e-03   7.4174342e-04   2.0578765e-02   2.6039083e-02   2.7641344e-07   1.0151323e-07   2.2543230e-06   0.0000000e+00   1.6992748e-07   9.8934164e-02   1.3577905e-01   3.4135942e-04   2.1520439e-03   2.3043556e-03   5.4117379e-06   1.0756006e-01   2.7102856e-01   3.6423043e-05   6.6965529e-08   3.3833756e-05   6.6965529e-08   5.6892130e-05   6.6965901e-08
   2.1412510e-02   5.3310203e-04   4.7368624e-03   5.1891957e-04   1.7206990e-02   5.4025547e-02   1.4360728e-05   1.0610973e-02   6.6268162e-03   2.8629324e-02   9.2408208e-03   1.8225884e-03   2.8208831e-04   8.5512085e-04   1.6992748e-07   0.0000000e+00   4.3677059e-02   4.2729877e-02   6.4758281e-06   7.0398284e-02   7.2708737e-02   1.6052664e-04   1.3235072e-02   2.4034091e-01   8.8814926e-04   5.6490688e-11   8.6389664e-04   5.6490688e-11   1.0721233e-03   5.6490680e-11
   6.4474589e-01   4.6916884e-01   3.8300077e-01   5.3906954e-01   3.9520608e-01   6.9336124e-01   1.6642677e-01   5.2805125e-01   4.3098480e-01   1.1066263e-01   3.5028563e-01   8.2877122e-02   9.3705431e-01   1.4226570e-02   9.8934164e-02   4.3677059e-02   0.0000000e+00   3.6587918e-15   9.6537844e-01   1.5544764e-01   1.5918936e-01   4.3530528e-01   9.3845321e-01   2.6444203e-01   2.0968507e-02   1.0881111e-01   2.0878091e-02   1.0881111e-01   2.1861380e-02   1.0881152e-01
   6.9667944e-01   4.6226346e-01   3.4351756e-01   6.3588623e-01   2.9295279e-01   5.0467212e-01   2.4620900e-01   5.7917807e-01   3.4975997e-01   1.3034359e-01   4.8399706e-01   1.3980290e-01   9.7052213e-01   2.8695546e-02   1.3577905e-01   4.2729877e-02   3.6587918e-15   0.0000000e+00   8.6119787e-01   2.2717808e-01   2.3172944e-01   5.5836305e-01   9.5601041e-01   2.8392317e-01   3.0760230e-02   1.1146393e-01   3.0661853e-02   1.1146393e-01   3.1833185e-02   1.1146430e-01
   4.3362131e-02   1.1015807e-06   3.7456243e-04   3.1998692e-03   3.8631530e-03   5.1765159e-02   1.3199174e-03   9.9047132e-03   7.6992001e-04   1.2504105e-01   3.4668180e-04   5.7656577e-02   1.8592068e-04   7.6060787e-02   3.4135942e-04   6.4758281e-06   9.6537844e-01   8.6119787e-01   0.0000000e+00   3.7085603e-01   3.7536112e-01   2.3055799e-03   7.5796295e-03   4.4553914e-01   4.1103381e-02   1.5183182e-07   4.0716359e-02   1.5183182e-07   4.3900409e-02   1.5182905e-07
   2.6836689e-02   7.8035477e-02   4.3019899e-02   2.3207506e-03   9.9112232e-03   3.2374841e-04   5.8773462e-04   1.6194471e-01   2.4687013e-02   6.0992811e-01   2.0915575e-01   7.5521424e-08   2.9400753e-03   1.1601481e-07   2.1520439e-03   7.0398284e-02   1.5544764e-01   2.2717808e-01   3.7085603e-01  1.6790920e-134   7.2095770e-35   6.6806030e-02   7.6470268e-01   8.0117092e-01   4.9309743e-02   6.8668058e-02   4.7257220e-02   6.8668058e-02   6.2061300e-02   6.8667653e-02
   2.6610943e-02   7.9389148e-02   4.3271346e-02   2.3444238e-03   9.9490673e-03   3.2367304e-04   6.2275889e-04   1.6974372e-01   2.4957760e-02   6.2486342e-01   2.1099937e-01   8.6525554e-08   3.0384894e-03   1.4128343e-07   2.3043556e-03   7.2708737e-02   1.5918936e-01   2.3172944e-01   3.7536112e-01   7.2095770e-35   0.0000000e+00   6.7931491e-02   7.6410977e-01   7.6747778e-01   5.2742231e-02   7.0991981e-02   5.0529801e-02   7.0991981e-02   6.6475851e-02   7.0991542e-02
   5.5221294e-04   3.0987853e-05   8.1671499e-04   1.2760536e-06   5.1643195e-05   8.4160272e-04   6.1986240e-07   1.7735530e-03   4.8186508e-05   1.0335735e-02   9.4217167e-02   9.0068580e-04   3.9674000e-06   6.5515056e-03   5.4117379e-06   1.6052664e-04   4.3530528e-01   5.5836305e-01   2.3055799e-03   6.6806030e-02   6.7931491e-02  1.6790920e-134   1.0912668e-03   6.4710559e-01   4.3848735e-03   3.6896105e-05   4.1918475e-03   3.6896105e-05   5.6680136e-03   3.6895738e-05
   1.8132708e-03   7.4191737e-03   2.1995154e-02   1.0497055e-03   4.7928424e-02   2.0524830e-01   1.1985116e-01   3.7267437e-02   1.0133762e-02   1.3495792e-01   9.9914789e-02   6.4549217e-01   8.6275728e-02   8.0681516e-01   1.0756006e-01   1.3235072e-02   9.3845321e-01   9.5601041e-01   7.5796295e-03   7.6470268e-01   7.6410977e-01   1.0912668e-03  1.6790920e-134   9.0954112e-01   3.7086929e-01   1.1710952e-02   3.6863160e-01   1.1710952e-02   3.8401491e-01   1.1710888e-02
   7.1576446e-01   6.1570030e-01   9.8162073e-01   9.9913433e-01   8.7750425e-01   7.7391337e-01   5.1267628e-01   2.1912488e-02   9.2835252e-01   3.2927477e-02   7.4557214e-01   7.3457799e-01   6.8271446e-01   4.9445232e-01   2.7102856e-01   2.4034091e-01   2.6444203e-01   2.8392317e-01   4.4553914e-01   8.0117092e-01   7.6747778e-01   6.4710559e-01   9.0954112e-01   0.0000000e+00   1.7134320e-02   2.3236064e-01   1.9308265e-02   2.3236064e-01   8.6042876e-03   2.3236570e-01
   6.8523281e-02   2.6230686e-02   2.9523129e-01   2.6244240e-02   1.8723605e-01   2.6469161e-01   6.3921158e-04   2.6424135e-05   1.6044498e-01   3.4240922e-04   3.5062569e-01   7.2275226e-04   7.2753630e-03   1.8645893e-03   3.6423043e-05   8.8814926e-04   2.0968507e-02   3.0760230e-02   4.1103381e-02   4.9309743e-02   5.2742231e-02   4.3848735e-03   3.7086929e-01   1.7134320e-02  1.6790920e-134   6.0071656e-04   1.9447419e-35   6.0071656e-04   6.2886419e-23   6.0073361e-04
   1.0501875e-02   4.1890967e-05   3.1847132e-03   2.2268770e-04   5.0329693e-03   2.5486667e-02   1.9700239e-06   1.0978500e-03   1.9919483e-03   1.4131165e-02   1.3742946e-02   1.3469703e-03   3.8924387e-05   1.2797873e-03   6.6965529e-08   5.6490688e-11   1.0881111e-01   1.1146393e-01   1.5183182e-07   6.8668058e-02   7.0991981e-02   3.6896105e-05   1.1710952e-02   2.3236064e-01   6.0071656e-04   0.0000000e+00   5.8296070e-04   0.0000000e+00   7.3549568e-04   5.4842819e-95
   6.5816589e-02   2.5680618e-02   2.9232625e-01   2.5163223e-02   1.8393161e-01   2.6022906e-01   5.9902577e-04   2.7554756e-05   1.5823175e-01   3.5367143e-04   3.4970324e-01   6.6193163e-04   6.9848555e-03   1.7732688e-03   3.3833756e-05   8.6389664e-04   2.0878091e-02   3.0661853e-02   4.0716359e-02   4.7257220e-02   5.0529801e-02   4.1918475e-03   3.6863160e-01   1.9308265e-02   1.9447419e-35   5.8296070e-04   0.0000000e+00   5.8296070e-04   1.1003601e-21   5.8297690e-04
   1.0501875e-02   4.1890967e-05   3.1847132e-03   2.2268770e-04   5.0329693e-03   2.5486667e-02   1.9700239e-06   1.0978500e-03   1.9919483e-03   1.4131165e-02   1.3742946e-02   1.3469703e-03   3.8924387e-05   1.2797873e-03   6.6965529e-08   5.6490688e-11   1.0881111e-01   1.1146393e-01   1.5183182e-07   6.8668058e-02   7.0991981e-02   3.6896105e-05   1.1710952e-02   2.3236064e-01   6.0071656e-04   0.0000000e+00   5.8296070e-04   0.0000000e+00   7.3549568e-04   5.4842819e-95
   8.4897748e-02   2.9674892e-02   3.1177637e-01   3.3041212e-02   2.0619952e-01   2.8987065e-01   9.2821690e-04   2.2007288e-05   1.7318036e-01   3.0031537e-04   3.5631265e-01   1.1735954e-03   9.1781547e-03   2.4970508e-03   5.6892130e-05   1.0721233e-03   2.1861380e-02   3.1833185e-02   4.3900409e-02   6.2061300e-02   6.6475851e-02   5.6680136e-03   3.8401491e-01   8.6042876e-03   6.2886419e-23   7.3549568e-04   1.1003601e-21   7.3549568e-04   0.0000000e+00   7.3551876e-04
   1.0501761e-02   4.1890637e-05   3.1846853e-03   2.2268382e-04   5.0329227e-03   2.5486485e-02   1.9700000e-06   1.0978792e-03   1.9919331e-03   1.4131380e-02   1.3742915e-02   1.3469607e-03   3.8923934e-05   1.2797844e-03   6.6965901e-08   5.6490680e-11   1.0881152e-01   1.1146430e-01   1.5182905e-07   6.8667653e-02   7.0991542e-02   3.6895738e-05   1.1710888e-02   2.3236570e-01   6.0073361e-04   5.4842819e-95   5.8297690e-04   5.4842819e-95   7.3551876e-04   0.0000000e+00
