  6.0789625e-132   2.9783994e-02   2.6420305e-01   1.0574024e-01   2.4284683e-02   1.9132261e-02   9.1827622e-09   2.4849640e-04   8.7558179e-08   2.6365881e-03
   2.9783994e-02   0.0000000e+00   3.3733294e-01   8.5685173e-01   2.1810929e-03   1.2168546e-03   9.6282718e-05   4.4698121e-01   2.5619025e-05   3.0089747e-01
   2.6420305e-01   3.3733294e-01   0.0000000e+00   7.3753421e-01   2.1289493e-01   1.3404134e-01   7.0246745e-01   3.0237761e-02   7.4511290e-01   1.7549431e-02
   1.0574024e-01   8.5685173e-01   7.3753421e-01  6.0789625e-132   2.7843058e-01   7.8924647e-01   4.1578682e-01   1.8396119e-01   4.6249561e-01   5.3731594e-01
   2.4284683e-02   2.1810929e-03   2.1289493e-01   2.7843058e-01   0.0000000e+00   8.1401911e-08   1.6953448e-03   5.3044488e-01   1.3108590e-03   5.9918995e-01
   1.9132261e-02   1.2168546e-03   1.3404134e-01   7.8924647e-01   8.1401911e-08   0.0000000e+00   1.3596897e-03   6.6459291e-01   9.1166649e-04   7.0967809e-01
   9.1827622e-09   9.6282718e-05   7.0246745e-01   4.1578682e-01   1.6953448e-03   1.3596897e-03   0.0000000e+00   4.1742516e-02   1.7415742e-20   1.0555487e-01
   2.4849640e-04   4.4698121e-01   3.0237761e-02   1.8396119e-01   5.3044488e-01   6.6459291e-01   4.1742516e-02   0.0000000e+00   7.5102449e-02   5.0358944e-11
   8.7558179e-08   2.5619025e-05   7.4511290e-01   4.6249561e-01   1.3108590e-03   9.1166649e-04   1.7415742e-20   7.5102449e-02   0.0000000e+00   1.6347670e-01
   2.6365881e-03   3.0089747e-01   1.7549431e-02   5.3731594e-01   5.9918995e-01   7.0967809e-01   1.0555487e-01   5.0358944e-11   1.6347670e-01   0.0000000e+00
