   0.0000000e+00   3.8109523e-04   9.0068952e-02   3.3158578e-10   1.1344473e-03   7.7352991e-03   1.4701043e-04   1.0733052e-02   7.4583698e-04   5.7378951e-03   1.8176071e-01   1.8279958e-03   6.5035753e-05   1.9910950e-02   1.0996681e-05   4.7366759e-01   2.0695298e-01   2.6319754e-01   8.5895525e-01   1.9780024e-02   1.9827090e-02   8.7441221e-04   3.2199879e-02   6.0139232e-01   1.4567901e-03   6.7965964e-01   1.4079625e-03   6.7965972e-01   1.8754102e-03   6.7965979e-01
   3.8109523e-04  1.6790920e-134   1.6042523e-01   2.1353212e-04   6.9432179e-04   5.7601627e-02   4.2865997e-03   3.5842385e-04   1.4261789e-03   4.8209101e-02   2.8507492e-03   5.1913686e-02   1.1513678e-04   1.3623268e-01   1.2729255e-03   7.8552889e-01   8.8304667e-01   7.7376154e-01   5.6710592e-01   2.2967450e-01   2.3246726e-01   1.1017749e-02   1.5218872e-02   8.1491677e-02   1.0030094e-02   2.8554703e-01   1.0148016e-02   2.8554765e-01   9.2456939e-03   2.8554818e-01
   9.0068952e-02   1.6042523e-01   0.0000000e+00   8.8090146e-03   7.5716854e-05   9.4158530e-05   1.3761475e-03   4.0038273e-01   4.2178103e-05   9.9503963e-01   5.5710443e-01   3.0466971e-03   4.9635632e-03   2.0867158e-03   6.6880573e-03   5.7646397e-01   3.1496281e-01   9.7102499e-01   1.8804463e-02   2.3557475e-02   2.4219897e-02   2.8216748e-02   7.4448652e-01   7.2831845e-02   7.8535149e-02   7.8587056e-02   7.9836738e-02   7.8586792e-02   6.9782706e-02   7.8586464e-02
   3.3158578e-10   2.1353212e-04   8.8090146e-03   0.0000000e+00   6.8886037e-06   1.2396609e-04   1.3860224e-06   2.9677483e-02   3.1467822e-05   2.4328902e-02   3.1459450e-01   2.2612479e-05   1.2081728e-06   6.7953534e-04   8.2519868e-08   4.9506218e-01   1.8777084e-01   3.0827821e-01   6.7328113e-01   1.5160464e-03   1.5382242e-03   1.3056349e-03   1.6595253e-01   3.8950932e-01   8.9965027e-04   8.5993798e-01   8.7916395e-04   8.5993831e-01   1.0778053e-03   8.5993848e-01
   1.1344473e-03   6.9432179e-04   7.5716854e-05   6.8886037e-06   0.0000000e+00   3.1605652e-08   1.1469946e-07   2.9866343e-01   1.7685485e-06   5.2277174e-01   2.8593694e-01   5.4636562e-05   2.4976611e-06   3.6788135e-05   1.7549517e-05   5.5711997e-01   4.0037371e-01   6.0936106e-01   6.9951872e-01   1.6705094e-03   1.7405515e-03   9.2534191e-03   7.1351231e-01   9.1983507e-02   3.3190094e-02   8.9726166e-01   3.3692871e-02   8.9726263e-01   3.0048036e-02   8.9726398e-01
   7.7352991e-03   5.7601627e-02   9.4158530e-05   1.2396609e-04   3.1605652e-08   0.0000000e+00   1.0017473e-05   6.1807469e-01   7.5987959e-05   7.6121879e-01   8.1446531e-01   3.6945873e-06   5.0501337e-04   5.3876031e-07   7.6299011e-04   7.4321857e-01   3.6412448e-01   7.9862400e-01   4.3301539e-01   2.3468503e-05   2.4154037e-05   8.0360759e-02   4.4840768e-01   5.5578807e-01   1.6947921e-01   7.1261820e-01   1.6949929e-01   7.1261800e-01   1.7077651e-01   7.1261771e-01
   1.4701043e-04   4.2865997e-03   1.3761475e-03   1.3860224e-06   1.1469946e-07   1.0017473e-05   0.0000000e+00   3.2116609e-01   1.0179435e-05   4.3624539e-01   6.8153663e-01   2.2644624e-04   6.7173226e-07   6.1477664e-05   5.6364845e-10   5.7088168e-02   5.1999338e-02   1.3012620e-01   8.8128393e-01   8.7876944e-03   9.0022910e-03   5.1627521e-04   3.3086139e-01   2.1642678e-01   2.0400848e-02   3.8492903e-01   2.0569756e-02   3.8492961e-01   1.9401611e-02   3.8493055e-01
   1.0733052e-02   3.5842385e-04   4.0038273e-01   2.9677483e-02   2.9866343e-01   6.1807469e-01   3.2116609e-01   0.0000000e+00   2.1823717e-01   1.5118372e-02   1.8640410e-03   4.6367466e-01   1.1060597e-01   9.4716316e-01   1.6674885e-01   8.0507285e-01   5.3741177e-01   9.9304894e-01   1.5939886e-01   5.7769543e-01   5.7349461e-01   2.7423977e-01   2.8937834e-02   3.4262021e-01   2.4873601e-01   7.8135541e-02   2.4416218e-01   7.8135337e-02   2.8503487e-01   7.8134917e-02
   7.4583698e-04   1.4261789e-03   4.2178103e-05   3.1467822e-05   1.7685485e-06   7.5987959e-05   1.0179435e-05   2.1823717e-01  6.0789625e-132   2.1813117e-01   5.0440836e-01   5.2583866e-03   1.3584437e-04   1.0516689e-02   7.8769822e-05   8.8402805e-01   3.9120357e-01   8.9054404e-01   2.7197729e-01   7.2742712e-02   7.3723390e-02   5.0986003e-05   1.5251807e-01   2.2037372e-01   2.2675823e-02   7.4547025e-01   2.2795785e-02   7.4546957e-01   2.1951526e-02   7.4546920e-01
   5.7378951e-03   4.8209101e-02   9.9503963e-01   2.4328902e-02   5.2277174e-01   7.6121879e-01   4.3624539e-01   1.5118372e-02   2.1813117e-01   0.0000000e+00   4.9918941e-01   2.6587345e-01   9.9160662e-02   9.6931077e-01   1.2039995e-01   2.8912468e-01   6.2795019e-01   5.6174523e-01   3.3038279e-01   5.4079127e-01   5.3846762e-01   5.5485799e-02   4.4375051e-02   8.3037327e-01   9.5394926e-03   4.8760562e-01   9.1410941e-03   4.8760594e-01   1.2772158e-02   4.8760691e-01
   1.8176071e-01   2.8507492e-03   5.5710443e-01   3.1459450e-01   2.8593694e-01   8.1446531e-01   6.8153663e-01   1.8640410e-03   5.0440836e-01   4.9918941e-01   0.0000000e+00   9.1819495e-01   3.2442322e-01   7.7719050e-01   7.7268640e-01   9.8778744e-01   3.5330599e-01   8.9852794e-01   4.5021898e-02   9.6022279e-01   9.6027387e-01   7.5775649e-01   1.0432454e-01   8.8806210e-01   8.8154354e-01   5.2551308e-02   8.8146763e-01   5.2551308e-02   8.8444079e-01   5.2551370e-02
   1.8279958e-03   5.1913686e-02   3.0466971e-03   2.2612479e-05   5.4636562e-05   3.6945873e-06   2.2644624e-04   4.6367466e-01   5.2583866e-03   2.6587345e-01   9.1819495e-01  1.6790920e-134   1.0440717e-04   1.0859163e-07   1.3382882e-04   9.4801246e-01   4.1066223e-01   6.2784707e-01   3.7132421e-01   2.4007228e-09   2.6958843e-09   1.3311798e-01   3.1365648e-01   4.0339016e-01   2.5382037e-03   4.0998164e-01   2.5108347e-03   4.0998146e-01   2.8338818e-03   4.0998086e-01
   6.5035753e-05   1.1513678e-04   4.9635632e-03   1.2081728e-06   2.4976611e-06   5.0501337e-04   6.7173226e-07   1.1060597e-01   1.3584437e-04   9.9160662e-02   3.2442322e-01   1.0440717e-04  1.6790920e-134   8.7716413e-04   1.4758377e-08   4.6592139e-01   5.7035651e-01   5.2992207e-01   9.0110666e-01   6.7712911e-03   6.9777564e-03   2.2486837e-03   3.1281865e-01   1.1143683e-01   1.3706850e-03   5.9718820e-01   1.3872288e-03   5.9718910e-01   1.2622368e-03   5.9719053e-01
   1.9910950e-02   1.3623268e-01   2.0867158e-03   6.7953534e-04   3.6788135e-05   5.3876031e-07   6.1477664e-05   9.4716316e-01   1.0516689e-02   9.6931077e-01   7.7719050e-01   1.0859163e-07   8.7716413e-04   0.0000000e+00   5.6792735e-04   3.4201744e-01   1.4130165e-01   2.3696053e-01   7.6932166e-01   1.8633988e-07   2.0544917e-07   3.5309341e-01   1.7075335e-01   2.9452556e-01   9.9610680e-02   8.9879611e-01   1.0011250e-01   8.9879555e-01   9.6756046e-02   8.9879447e-01
   1.0996681e-05   1.2729255e-03   6.6880573e-03   8.2519868e-08   1.7549517e-05   7.6299011e-04   5.6364845e-10   1.6674885e-01   7.8769822e-05   1.2039995e-01   7.7268640e-01   1.3382882e-04   1.4758377e-08   5.6792735e-04   0.0000000e+00   9.1504742e-02   8.2588468e-02   1.3937104e-01   9.2687589e-01   1.2510807e-02   1.2814106e-02   1.4104590e-04   1.6475397e-01   1.5379939e-01   4.2375275e-04   4.6623174e-01   4.2632624e-04   4.6623245e-01   4.1186761e-04   4.6623347e-01
   4.7366759e-01   7.8552889e-01   5.7646397e-01   4.9506218e-01   5.5711997e-01   7.4321857e-01   5.7088168e-02   8.0507285e-01   8.8402805e-01   2.8912468e-01   9.8778744e-01   9.4801246e-01   4.6592139e-01   3.4201744e-01   9.1504742e-02   0.0000000e+00   1.9954271e-03   1.7575786e-04   1.7566308e-03   8.9432419e-01   8.9336741e-01   3.4634337e-01   3.0237456e-01   9.5965203e-01   9.2380472e-01   9.1748469e-05   9.2222529e-01   9.1748728e-05   9.3436981e-01   9.1749485e-05
   2.0695298e-01   8.8304667e-01   3.1496281e-01   1.8777084e-01   4.0037371e-01   3.6412448e-01   5.1999338e-02   5.3741177e-01   3.9120357e-01   6.2795019e-01   3.5330599e-01   4.1066223e-01   5.7035651e-01   1.4130165e-01   8.2588468e-02   1.9954271e-03   0.0000000e+00   1.0716516e-07   9.7655194e-01   5.9873665e-01   5.9920570e-01   1.3621883e-01   4.3362059e-01   9.2536083e-01   4.8896596e-01   5.4837837e-01   4.8861000e-01   5.4837840e-01   4.9389159e-01   5.4837870e-01
   2.6319754e-01   7.7376154e-01   9.7102499e-01   3.0827821e-01   6.0936106e-01   7.9862400e-01   1.3012620e-01   9.9304894e-01   8.9054404e-01   5.6174523e-01   8.9852794e-01   6.2784707e-01   5.2992207e-01   2.3696053e-01   1.3937104e-01   1.7575786e-04   1.0716516e-07   0.0000000e+00   1.6131703e-01   7.4107209e-01   7.4217644e-01   4.0027704e-01   3.6489728e-01   8.1507355e-01   5.4411710e-01   8.9750238e-02   5.4457499e-01   8.9750293e-02   5.4289863e-01   8.9750544e-02
   8.5895525e-01   5.6710592e-01   1.8804463e-02   6.7328113e-01   6.9951872e-01   4.3301539e-01   8.8128393e-01   1.5939886e-01   2.7197729e-01   3.3038279e-01   4.5021898e-02   3.7132421e-01   9.0110666e-01   7.6932166e-01   9.2687589e-01   1.7566308e-03   9.7655194e-01   1.6131703e-01   0.0000000e+00   5.2572463e-01   5.2685236e-01   4.8252777e-01   5.3786589e-01   5.2996787e-01   3.3011202e-01   6.7425225e-10   3.3004201e-01   6.7424991e-10   3.3122333e-01   6.7425977e-10
   1.9780024e-02   2.2967450e-01   2.3557475e-02   1.5160464e-03   1.6705094e-03   2.3468503e-05   8.7876944e-03   5.7769543e-01   7.2742712e-02   5.4079127e-01   9.6022279e-01   2.4007228e-09   6.7712911e-03   1.8633988e-07   1.2510807e-02   8.9432419e-01   5.9873665e-01   7.4107209e-01   5.2572463e-01   0.0000000e+00   7.3509106e-41   8.2286470e-01   4.7731214e-02   9.0016017e-01   7.4690416e-02   4.4466943e-01   7.3848639e-02   4.4466963e-01   8.2217042e-02   4.4466950e-01
   1.9827090e-02   2.3246726e-01   2.4219897e-02   1.5382242e-03   1.7405515e-03   2.4154037e-05   9.0022910e-03   5.7349461e-01   7.3723390e-02   5.3846762e-01   9.6027387e-01   2.6958843e-09   6.9777564e-03   2.0544917e-07   1.2814106e-02   8.9336741e-01   5.9920570e-01   7.4217644e-01   5.2685236e-01   7.3509106e-41   0.0000000e+00   8.2702595e-01   4.7437943e-02   9.1533305e-01   7.6115074e-02   4.4560207e-01   7.5241775e-02   4.4560228e-01   8.3903808e-02   4.4560217e-01
   8.7441221e-04   1.1017749e-02   2.8216748e-02   1.3056349e-03   9.2534191e-03   8.0360759e-02   5.1627521e-04   2.7423977e-01   5.0986003e-05   5.5485799e-02   7.5775649e-01   1.3311798e-01   2.2486837e-03   3.5309341e-01   1.4104590e-04   3.4634337e-01   1.3621883e-01   4.0027704e-01   4.8252777e-01   8.2286470e-01   8.2702595e-01   0.0000000e+00   1.5788611e-03   2.2567288e-01   2.8599372e-03   9.0947710e-01   2.8725550e-03   9.0947787e-01   2.8018804e-03   9.0947884e-01
   3.2199879e-02   1.5218872e-02   7.4448652e-01   1.6595253e-01   7.1351231e-01   4.4840768e-01   3.3086139e-01   2.8937834e-02   1.5251807e-01   4.4375051e-02   1.0432454e-01   3.1365648e-01   3.1281865e-01   1.7075335e-01   1.6475397e-01   3.0237456e-01   4.3362059e-01   3.6489728e-01   5.3786589e-01   4.7731214e-02   4.7437943e-02   1.5788611e-03   0.0000000e+00   4.5690580e-01   2.0178200e-01   1.4915050e-01   2.0170616e-01   1.4915073e-01   2.0062469e-01   1.4915067e-01
   6.0139232e-01   8.1491677e-02   7.2831845e-02   3.8950932e-01   9.1983507e-02   5.5578807e-01   2.1642678e-01   3.4262021e-01   2.2037372e-01   8.3037327e-01   8.8806210e-01   4.0339016e-01   1.1143683e-01   2.9452556e-01   1.5379939e-01   9.5965203e-01   9.2536083e-01   8.1507355e-01   5.2996787e-01   9.0016017e-01   9.1533305e-01   2.2567288e-01   4.5690580e-01   0.0000000e+00   5.4546343e-02   5.8013082e-01   5.7626227e-02   5.8012830e-01   3.5286710e-02   5.8012540e-01
   1.4567901e-03   1.0030094e-02   7.8535149e-02   8.9965027e-04   3.3190094e-02   1.6947921e-01   2.0400848e-02   2.4873601e-01   2.2675823e-02   9.5394926e-03   8.8154354e-01   2.5382037e-03   1.3706850e-03   9.9610680e-02   4.2375275e-04   9.2380472e-01   4.8896596e-01   5.4411710e-01   3.3011202e-01   7.4690416e-02   7.6115074e-02   2.8599372e-03   2.0178200e-01   5.4546343e-02   0.0000000e+00   3.9162360e-01   1.6739987e-39   3.9162288e-01   1.1546731e-24   3.9162191e-01
   6.7965964e-01   2.8554703e-01   7.8587056e-02   8.5993798e-01   8.9726166e-01   7.1261820e-01   3.8492903e-01   7.8135541e-02   7.4547025e-01   4.8760562e-01   5.2551308e-02   4.0998164e-01   5.9718820e-01   8.9879611e-01   4.6623174e-01   9.1748469e-05   5.4837837e-01   8.9750238e-02   6.7425225e-10   4.4466943e-01   4.4560207e-01   9.0947710e-01   1.4915050e-01   5.8013082e-01   3.9162360e-01   0.0000000e+00   3.9162494e-01  4.6846792e-104   3.9285069e-01   3.0179865e-97
   1.4079625e-03   1.0148016e-02   7.9836738e-02   8.7916395e-04   3.3692871e-02   1.6949929e-01   2.0569756e-02   2.4416218e-01   2.2795785e-02   9.1410941e-03   8.8146763e-01   2.5108347e-03   1.3872288e-03   1.0011250e-01   4.2632624e-04   9.2222529e-01   4.8861000e-01   5.4457499e-01   3.3004201e-01   7.3848639e-02   7.5241775e-02   2.8725550e-03   2.0170616e-01   5.7626227e-02   1.6739987e-39   3.9162494e-01   0.0000000e+00   3.9162423e-01   9.6570006e-24   3.9162328e-01
   6.7965972e-01   2.8554765e-01   7.8586792e-02   8.5993831e-01   8.9726263e-01   7.1261800e-01   3.8492961e-01   7.8135337e-02   7.4546957e-01   4.8760594e-01   5.2551308e-02   4.0998146e-01   5.9718910e-01   8.9879555e-01   4.6623245e-01   9.1748728e-05   5.4837840e-01   8.9750293e-02   6.7424991e-10   4.4466963e-01   4.4560228e-01   9.0947787e-01   1.4915073e-01   5.8012830e-01   3.9162288e-01  4.6846792e-104   3.9162423e-01   0.0000000e+00   3.9284988e-01  7.1991889e-100
   1.8754102e-03   9.2456939e-03   6.9782706e-02   1.0778053e-03   3.0048036e-02   1.7077651e-01   1.9401611e-02   2.8503487e-01   2.1951526e-02   1.2772158e-02   8.8444079e-01   2.8338818e-03   1.2622368e-03   9.6756046e-02   4.1186761e-04   9.3436981e-01   4.9389159e-01   5.4289863e-01   3.3122333e-01   8.2217042e-02   8.3903808e-02   2.8018804e-03   2.0062469e-01   3.5286710e-02   1.1546731e-24   3.9285069e-01   9.6570006e-24   3.9284988e-01   0.0000000e+00   3.9284880e-01
   6.7965979e-01   2.8554818e-01   7.8586464e-02   8.5993848e-01   8.9726398e-01   7.1261771e-01   3.8493055e-01   7.8134917e-02   7.4546920e-01   4.8760691e-01   5.2551370e-02   4.0998086e-01   5.9719053e-01   8.9879447e-01   4.6623347e-01   9.1749485e-05   5.4837870e-01   8.9750544e-02   6.7425977e-10   4.4466950e-01   4.4560217e-01   9.0947884e-01   1.4915067e-01   5.8012540e-01   3.9162191e-01   3.0179865e-97   3.9162328e-01  7.1991889e-100   3.9284880e-01   0.0000000e+00
