   1.0000000e+00  -8.1818860e-01  -7.2744173e-01  -9.2849162e-01   8.9213057e-01   7.6181610e-01  -7.5363153e-01  -5.5418854e-01  -8.4073223e-01  -6.5750588e-01  -7.5595962e-01   3.4994893e-01  -7.5676796e-01   3.3372522e-01   6.2627426e-01  -4.4655733e-01  -2.6001784e-01  -2.1497005e-01  -5.2878550e-01  -2.7704938e-01  -2.8736637e-01   7.3298112e-01   6.8464035e-01   2.1788285e-01  -1.3688068e-01  -5.5703014e-01  -1.3479019e-01  -5.5703060e-01  -1.4747526e-01  -5.5703386e-01
  -8.1818860e-01   1.0000000e+00   5.7713116e-01   7.6052387e-01  -7.9938557e-01  -5.1260653e-01   8.4715452e-01   8.6695835e-01   9.1411903e-01   8.7523801e-01   8.0688883e-01  -6.2101522e-01   8.4321132e-01  -5.3890653e-01  -7.5815110e-01   5.6774614e-01   4.2499188e-01   4.1225838e-01   6.2565500e-01   3.6420108e-01   3.7420829e-01  -6.7437781e-01  -5.4729177e-01  -1.6551014e-01   5.4976147e-02   6.9296770e-01   5.2218769e-02   6.9296775e-01   6.8795303e-02   6.9297066e-01
  -7.2744173e-01   5.7713116e-01   1.0000000e+00   7.1627921e-01  -7.6928448e-01  -6.2038329e-01   7.1749878e-01   1.7327238e-01   8.1034631e-01   4.5797132e-01   7.0104546e-01  -1.7201378e-01   6.8259070e-01  -4.0826089e-01  -6.2766015e-01   5.1277548e-01   4.6978913e-01   3.9230371e-01   4.5434006e-01  -1.8228344e-02  -1.2103937e-02  -7.8273314e-01  -6.7325417e-01  -3.1722060e-02   1.3440970e-02   4.8246482e-01   1.2329704e-02   4.8246523e-01   2.1492407e-02   4.8246673e-01
  -9.2849162e-01   7.6052387e-01   7.1627921e-01   1.0000000e+00  -8.8416060e-01  -7.9509469e-01   6.6779133e-01   4.9090193e-01   7.7127317e-01   5.9731619e-01   7.4075150e-01  -3.6453777e-01   7.3957808e-01  -3.1640254e-01  -5.6629895e-01   2.6991602e-01   6.6178199e-02   2.3425588e-02   3.4604094e-01   3.5453947e-01   3.6036668e-01  -7.5107039e-01  -6.7161320e-01  -1.0654060e-01   8.3259618e-02   3.8628221e-01   8.1927669e-02   3.8628264e-01   9.0394961e-02   3.8628451e-01
   8.9213057e-01  -7.9938557e-01  -7.6928448e-01  -8.8416060e-01   1.0000000e+00   8.7585184e-01  -8.3164260e-01  -4.9382525e-01  -8.7327275e-01  -6.8165337e-01  -7.1535391e-01   4.2675028e-01  -8.4532737e-01   4.3829115e-01   7.5588535e-01  -5.2392247e-01  -3.6702741e-01  -3.3018486e-01  -5.4103006e-01  -2.0547824e-01  -2.0566558e-01   8.1780603e-01   7.0414397e-01   9.2859027e-02  -1.2817761e-01  -5.6239391e-01  -1.2891310e-01  -5.6239457e-01  -1.2505687e-01  -5.6239442e-01
   7.6181610e-01  -5.1260653e-01  -6.2038329e-01  -7.9509469e-01   8.7585184e-01   1.0000000e+00  -5.2263865e-01  -2.6971754e-01  -6.3788005e-01  -4.8255094e-01  -5.2698955e-01   2.4050071e-01  -5.6580712e-01   1.7258550e-01   4.4805778e-01  -2.4371841e-01  -1.2352018e-01  -8.2638609e-02  -2.9932531e-01  -2.4935341e-01  -2.4404915e-01   5.6787324e-01   5.2595962e-01   1.6198483e-01  -2.9498876e-01  -2.8335995e-01  -2.9826814e-01  -2.8336106e-01  -2.7832310e-01  -2.8335970e-01
  -7.5363153e-01   8.4715452e-01   7.1749878e-01   6.6779133e-01  -8.3164260e-01  -5.2263865e-01   1.0000000e+00   5.6358537e-01   8.7821545e-01   6.6700383e-01   7.4388776e-01  -5.2870768e-01   9.3198056e-01  -6.1919807e-01  -9.3615624e-01   7.6969584e-01   6.7309602e-01   6.3761909e-01   6.6759635e-01   1.6475952e-01   1.6363202e-01  -7.9929275e-01  -5.6546588e-01   1.0587842e-01  -2.0175962e-01   7.6118193e-01  -2.0296502e-01   7.6118228e-01  -1.9431435e-01   7.6118160e-01
  -5.5418854e-01   8.6695835e-01   1.7327238e-01   4.9090193e-01  -4.9382525e-01  -2.6971754e-01   5.6358537e-01   1.0000000e+00   6.6494352e-01   8.0933748e-01   5.5622408e-01  -7.3891488e-01   6.2223329e-01  -5.1385791e-01  -5.5091125e-01   2.8309942e-01   2.0266080e-01   2.1475156e-01   3.6110616e-01   5.5023867e-01   5.6214508e-01  -3.2129564e-01  -2.0160790e-01  -3.1020589e-01   1.9212026e-01   4.3383456e-01   1.8947328e-01   4.3383446e-01   2.0435014e-01   4.3383854e-01
  -8.4073223e-01   9.1411903e-01   8.1034631e-01   7.7127317e-01  -8.7327275e-01  -6.3788005e-01   8.7821545e-01   6.6494352e-01   1.0000000e+00   7.9306575e-01   8.1807519e-01  -4.6103717e-01   8.2640521e-01  -4.9803754e-01  -7.7355139e-01   6.6543651e-01   5.8935534e-01   5.4961418e-01   6.7336129e-01   2.0773026e-01   2.1693629e-01  -7.3802821e-01  -6.3589457e-01  -1.9273398e-01   1.3148937e-01   7.2403170e-01   1.2984437e-01   7.2403197e-01   1.4043090e-01   7.2403440e-01
  -6.5750588e-01   8.7523801e-01   4.5797132e-01   5.9731619e-01  -6.8165337e-01  -4.8255094e-01   6.6700383e-01   8.0933748e-01   7.9306575e-01   1.0000000e+00   6.8345044e-01  -4.2545000e-01   6.1882623e-01  -3.0813124e-01  -5.3435634e-01   5.1266846e-01   3.9309357e-01   3.8628710e-01   6.2155270e-01   2.7821696e-01   2.9214836e-01  -5.0001007e-01  -4.5585330e-01  -3.1576296e-01   2.9090250e-01   6.5615102e-01   2.8891277e-01   6.5615115e-01   3.0044736e-01   6.5615496e-01
  -7.5595962e-01   8.0688883e-01   7.0104546e-01   7.4075150e-01  -7.1535391e-01  -5.2698955e-01   7.4388776e-01   5.5622408e-01   8.1807519e-01   6.8345044e-01   1.0000000e+00  -3.4429345e-01   7.1575861e-01  -2.8969360e-01  -5.6194941e-01   4.5318078e-01   3.3952870e-01   2.8419368e-01   5.3161879e-01   1.4912770e-01   1.5447693e-01  -7.4720221e-01  -6.2915812e-01   4.3112931e-02  -1.8076387e-01   6.2255346e-01  -1.8365515e-01   6.2255322e-01  -1.6559807e-01   6.2255489e-01
   3.4994893e-01  -6.2101522e-01  -1.7201378e-01  -3.6453777e-01   4.2675028e-01   2.4050071e-01  -5.2870768e-01  -7.3891488e-01  -4.6103717e-01  -4.2545000e-01  -3.4429345e-01   1.0000000e+00  -7.2483758e-01   8.7567390e-01   7.1591721e-01  -6.7927023e-02  -8.9774888e-02  -9.5269832e-02   4.0126825e-02  -6.5531674e-01  -6.4946349e-01   3.3670593e-01  -1.2482016e-02  -3.7957363e-02   1.0214321e-01  -5.4691711e-02   1.0213514e-01  -5.4692139e-02   1.0181202e-01  -5.4691771e-02
  -7.5676796e-01   8.4321132e-01   6.8259070e-01   7.3957808e-01  -8.4532737e-01  -5.6580712e-01   9.3198056e-01   6.2223329e-01   8.2640521e-01   6.1882623e-01   7.1575861e-01  -7.2483758e-01   1.0000000e+00  -7.7260879e-01  -9.5186800e-01   5.0541867e-01   4.1513391e-01   3.7467096e-01   4.0246560e-01   3.3039231e-01   3.2760821e-01  -8.2996184e-01  -5.2617668e-01   1.0963510e-01  -1.8263852e-01   5.0560402e-01  -1.8344963e-01   5.0560446e-01  -1.7704849e-01   5.0560391e-01
   3.3372522e-01  -5.3890653e-01  -4.0826089e-01  -3.1640254e-01   4.3829115e-01   1.7258550e-01  -6.1919807e-01  -5.1385791e-01  -4.9803754e-01  -3.0813124e-01  -2.8969360e-01   8.7567390e-01  -7.7260879e-01   1.0000000e+00   8.2460071e-01  -2.4114478e-01  -2.7478120e-01  -2.5357871e-01  -3.7805663e-02  -3.8616127e-01  -3.7964627e-01   4.8309744e-01   1.2495338e-01  -1.5051538e-01   2.0328189e-01  -1.1934734e-01   2.0320277e-01  -1.1934786e-01   2.0149534e-01  -1.1934668e-01
   6.2627426e-01  -7.5815110e-01  -6.2766015e-01  -5.6629895e-01   7.5588535e-01   4.4805778e-01  -9.3615624e-01  -5.5091125e-01  -7.7355139e-01  -5.3435634e-01  -5.6194941e-01   7.1591721e-01  -9.5186800e-01   8.2460071e-01   1.0000000e+00  -6.2823322e-01  -5.8531918e-01  -5.5568843e-01  -4.4627673e-01  -2.6013407e-01  -2.5602665e-01   7.3691009e-01   4.2706846e-01  -1.1639859e-01   1.9910993e-01  -5.4255455e-01   1.9956632e-01  -5.4255496e-01   1.9511942e-01  -5.4255375e-01
  -4.4655733e-01   5.6774614e-01   5.1277548e-01   2.6991602e-01  -5.2392247e-01  -2.4371841e-01   7.6969584e-01   2.8309942e-01   6.6543651e-01   5.1266846e-01   4.5318078e-01  -6.7927023e-02   5.0541867e-01  -2.4114478e-01  -6.2823322e-01   1.0000000e+00   9.1710345e-01   9.1314633e-01   9.2245813e-01  -2.2866749e-01  -2.2801071e-01  -4.6046708e-01  -4.5336057e-01   6.4509460e-02  -1.4172363e-01   9.4009198e-01  -1.4257060e-01   9.4009215e-01  -1.3685297e-01   9.4009071e-01
  -2.6001784e-01   4.2499188e-01   4.6978913e-01   6.6178199e-02  -3.6702741e-01  -1.2352018e-01   6.7309602e-01   2.0266080e-01   5.8935534e-01   3.9309357e-01   3.3952870e-01  -8.9774888e-02   4.1513391e-01  -2.7478120e-01  -5.8531918e-01   9.1710345e-01   1.0000000e+00   9.9076493e-01   7.7080550e-01  -1.7099890e-01  -1.7157204e-01  -2.8174812e-01  -2.1104743e-01   4.7988263e-02  -1.0675289e-01   8.0807508e-01  -1.0709200e-01   8.0807548e-01  -1.0449406e-01   8.0807415e-01
  -2.1497005e-01   4.1225838e-01   3.9230371e-01   2.3425588e-02  -3.3018486e-01  -8.2638609e-02   6.3761909e-01   2.1475156e-01   5.4961418e-01   3.8628710e-01   2.8419368e-01  -9.5269832e-02   3.7467096e-01  -2.5357871e-01  -5.5568843e-01   9.1314633e-01   9.9076493e-01   1.0000000e+00   7.8261427e-01  -1.3974256e-01  -1.4068370e-01  -2.1253351e-01  -1.4847757e-01   4.8090114e-02  -9.7024092e-02   8.0764594e-01  -9.7278856e-02   8.0764633e-01  -9.5472242e-02   8.0764490e-01
  -5.2878550e-01   6.2565500e-01   4.5434006e-01   3.4604094e-01  -5.4103006e-01  -2.9932531e-01   6.6759635e-01   3.6110616e-01   6.7336129e-01   6.2155270e-01   5.3161879e-01   4.0126825e-02   4.0246560e-01  -3.7805663e-02  -4.4627673e-01   9.2245813e-01   7.7080550e-01   7.8261427e-01   1.0000000e+00  -2.3028395e-01  -2.2353515e-01  -4.1590984e-01  -5.2270012e-01  -7.0062252e-02   3.4236134e-03   9.7514902e-01   1.8728661e-03   9.7514903e-01   1.0851206e-02   9.7514945e-01
  -2.7704938e-01   3.6420108e-01  -1.8228344e-02   3.5453947e-01  -2.0547824e-01  -2.4935341e-01   1.6475952e-01   5.5023867e-01   2.0773026e-01   2.7821696e-01   1.4912770e-01  -6.5531674e-01   3.3039231e-01  -3.8616127e-01  -2.6013407e-01  -2.2866749e-01  -1.7099890e-01  -1.3974256e-01  -2.3028395e-01   1.0000000e+00   9.9899611e-01   1.2603031e-01   4.1592542e-01  -1.3284276e-01   1.3594101e-01  -1.5684187e-01   1.3583297e-01  -1.5684096e-01   1.3591711e-01  -1.5683897e-01
  -2.8736637e-01   3.7420829e-01  -1.2103937e-02   3.6036668e-01  -2.0566558e-01  -2.4404915e-01   1.6363202e-01   5.6214508e-01   2.1693629e-01   2.9214836e-01   1.5447693e-01  -6.4946349e-01   3.2760821e-01  -3.7964627e-01  -2.5602665e-01  -2.2801071e-01  -1.7157204e-01  -1.4068370e-01  -2.2353515e-01   9.9899611e-01   1.0000000e+00   1.2480492e-01   4.0543759e-01  -1.6977851e-01   1.6265836e-01  -1.5201651e-01   1.6221087e-01  -1.5201568e-01   1.6431897e-01  -1.5201310e-01
   7.3298112e-01  -6.7437781e-01  -7.8273314e-01  -7.5107039e-01   8.1780603e-01   5.6787324e-01  -7.9929275e-01  -3.2129564e-01  -7.3802821e-01  -5.0001007e-01  -7.4720221e-01   3.3670593e-01  -8.2996184e-01   4.8309744e-01   7.3691009e-01  -4.6046708e-01  -2.8174812e-01  -2.1253351e-01  -4.1590984e-01   1.2603031e-01   1.2480492e-01   1.0000000e+00   8.6313187e-01  -1.3719816e-01   2.0572403e-01  -4.8049685e-01   2.0708860e-01  -4.8049661e-01   1.9675620e-01  -4.8049633e-01
   6.8464035e-01  -5.4729177e-01  -6.7325417e-01  -6.7161320e-01   7.0414397e-01   5.2595962e-01  -5.6546588e-01  -2.0160790e-01  -6.3589457e-01  -4.5585330e-01  -6.2915812e-01  -1.2482016e-02  -5.2617668e-01   1.2495338e-01   4.2706846e-01  -4.5336057e-01  -2.1104743e-01  -1.4847757e-01  -5.2270012e-01   4.1592542e-01   4.0543759e-01   8.6313187e-01   1.0000000e+00   8.8506847e-02  -1.7961075e-02  -5.1191338e-01  -1.5955362e-02  -5.1191273e-01  -2.8840703e-02  -5.1191424e-01
   2.1788285e-01  -1.6551014e-01  -3.1722060e-02  -1.0654060e-01   9.2859027e-02   1.6198483e-01   1.0587842e-01  -3.1020589e-01  -1.9273398e-01  -3.1576296e-01   4.3112931e-02  -3.7957363e-02   1.0963510e-01  -1.5051538e-01  -1.1639859e-01   6.4509460e-02   4.7988263e-02   4.8090114e-02  -7.0062252e-02  -1.3284276e-01  -1.6977851e-01  -1.3719816e-01   8.8506847e-02   1.0000000e+00  -9.0491008e-01   1.0832064e-02  -9.0139899e-01   1.0833053e-02  -9.2107999e-01   1.0821818e-02
  -1.3688068e-01   5.4976147e-02   1.3440970e-02   8.3259618e-02  -1.2817761e-01  -2.9498876e-01  -2.0175962e-01   1.9212026e-01   1.3148937e-01   2.9090250e-01  -1.8076387e-01   1.0214321e-01  -1.8263852e-01   2.0328189e-01   1.9910993e-01  -1.4172363e-01  -1.0675289e-01  -9.7024092e-02   3.4236134e-03   1.3594101e-01   1.6265836e-01   2.0572403e-01  -1.7961075e-02  -9.0491008e-01   1.0000000e+00  -1.1012099e-01   9.9995453e-01  -1.1012120e-01   9.9884145e-01  -1.1011308e-01
  -5.5703014e-01   6.9296770e-01   4.8246482e-01   3.8628221e-01  -5.6239391e-01  -2.8335995e-01   7.6118193e-01   4.3383456e-01   7.2403170e-01   6.5615102e-01   6.2255346e-01  -5.4691711e-02   5.0560402e-01  -1.1934734e-01  -5.4255455e-01   9.4009198e-01   8.0807508e-01   8.0764594e-01   9.7514902e-01  -1.5684187e-01  -1.5201651e-01  -4.8049685e-01  -5.1191338e-01   1.0832064e-02  -1.1012099e-01   1.0000000e+00  -1.1206488e-01   1.0000000e+00  -1.0046427e-01   1.0000000e+00
  -1.3479019e-01   5.2218769e-02   1.2329704e-02   8.1927669e-02  -1.2891310e-01  -2.9826814e-01  -2.0296502e-01   1.8947328e-01   1.2984437e-01   2.8891277e-01  -1.8365515e-01   1.0213514e-01  -1.8344963e-01   2.0320277e-01   1.9956632e-01  -1.4257060e-01  -1.0709200e-01  -9.7278856e-02   1.8728661e-03   1.3583297e-01   1.6221087e-01   2.0708860e-01  -1.5955362e-02  -9.0139899e-01   9.9995453e-01  -1.1206488e-01   1.0000000e+00  -1.1206507e-01   9.9833976e-01  -1.1205705e-01
  -5.5703060e-01   6.9296775e-01   4.8246523e-01   3.8628264e-01  -5.6239457e-01  -2.8336106e-01   7.6118228e-01   4.3383446e-01   7.2403197e-01   6.5615115e-01   6.2255322e-01  -5.4692139e-02   5.0560446e-01  -1.1934786e-01  -5.4255496e-01   9.4009215e-01   8.0807548e-01   8.0764633e-01   9.7514903e-01  -1.5684096e-01  -1.5201568e-01  -4.8049661e-01  -5.1191273e-01   1.0833053e-02  -1.1012120e-01   1.0000000e+00  -1.1206507e-01   1.0000000e+00  -1.0046457e-01   1.0000000e+00
  -1.4747526e-01   6.8795303e-02   2.1492407e-02   9.0394961e-02  -1.2505687e-01  -2.7832310e-01  -1.9431435e-01   2.0435014e-01   1.4043090e-01   3.0044736e-01  -1.6559807e-01   1.0181202e-01  -1.7704849e-01   2.0149534e-01   1.9511942e-01  -1.3685297e-01  -1.0449406e-01  -9.5472242e-02   1.0851206e-02   1.3591711e-01   1.6431897e-01   1.9675620e-01  -2.8840703e-02  -9.2107999e-01   9.9884145e-01  -1.0046427e-01   9.9833976e-01  -1.0046457e-01   1.0000000e+00  -1.0045595e-01
  -5.5703386e-01   6.9297066e-01   4.8246673e-01   3.8628451e-01  -5.6239442e-01  -2.8335970e-01   7.6118160e-01   4.3383854e-01   7.2403440e-01   6.5615496e-01   6.2255489e-01  -5.4691771e-02   5.0560391e-01  -1.1934668e-01  -5.4255375e-01   9.4009071e-01   8.0807415e-01   8.0764490e-01   9.7514945e-01  -1.5683897e-01  -1.5201310e-01  -4.8049633e-01  -5.1191424e-01   1.0821818e-02  -1.1011308e-01   1.0000000e+00  -1.1205705e-01   1.0000000e+00  -1.0045595e-01   1.0000000e+00
