   1.0000000e+00  -6.2171086e-01  -4.8935378e-01  -8.5891240e-01   5.9925352e-01   5.8940228e-01  -5.9515952e-01  -6.4799103e-01  -6.1930773e-01  -4.2456680e-01  -3.8971144e-01   5.5148673e-01  -5.7722487e-01   4.5392375e-01   5.5977522e-01  -5.2356907e-01  -1.1311624e-01  -9.5720352e-02  -4.6789099e-01  -5.0668113e-01  -5.0732776e-01   7.1689802e-01   6.6697709e-01   8.9440360e-02   4.2662126e-01  -5.7198332e-01   4.3044545e-01  -5.7198332e-01   4.0561034e-01  -5.7198401e-01
  -6.2171086e-01   1.0000000e+00   8.8961693e-01   8.1438968e-01  -8.8403202e-01  -7.3781079e-01   7.9334906e-01   6.8269298e-01   9.1902188e-01   3.5548919e-01   7.4805193e-01  -6.1113245e-01   9.2537508e-01  -4.9835380e-01  -7.8640426e-01   7.1823700e-01  -1.7674307e-01  -1.7945574e-01   8.7261122e-01   4.1401489e-01   4.1231503e-01  -8.0597663e-01  -5.9325367e-01   1.2307182e-01  -5.0842676e-01   7.9830829e-01  -5.1003886e-01   7.9830829e-01  -4.9889377e-01   7.9830849e-01
  -4.8935378e-01   8.8961693e-01   1.0000000e+00   7.8400499e-01  -9.2756930e-01  -8.4130937e-01   7.2507790e-01   3.6520111e-01   9.6606595e-01   4.7792714e-02   7.5949041e-01  -5.6614935e-01   8.6054691e-01  -5.0418105e-01  -6.7223073e-01   6.1875903e-01  -2.1225288e-01  -2.2999266e-01   7.3125765e-01   4.6856653e-01   4.6806980e-01  -7.0150915e-01  -5.2160327e-01  -5.6699821e-03  -2.5338766e-01   6.3967258e-01  -2.5486617e-01   6.3967258e-01  -2.4513069e-01   6.3967303e-01
  -8.5891240e-01   8.1438968e-01   7.8400499e-01   1.0000000e+00  -8.3290149e-01  -8.1284537e-01   8.3164039e-01   6.4455931e-01   8.6334647e-01   3.7263999e-01   5.3908315e-01  -7.5454603e-01   8.3303936e-01  -6.8851148e-01  -7.9025267e-01   7.1925710e-01   1.5031211e-01   1.1613423e-01   6.3943101e-01   6.5533656e-01   6.5484730e-01  -8.7026159e-01  -6.9112301e-01  -2.6703819e-04  -5.0838737e-01   7.4920001e-01  -5.1158014e-01   7.4920001e-01  -4.9037767e-01   7.4920059e-01
   5.9925352e-01  -8.8403202e-01  -9.2756930e-01  -8.3290149e-01   1.0000000e+00   9.5376153e-01  -8.0894284e-01  -4.8304055e-01  -9.7660978e-01  -1.9135159e-01  -5.8759078e-01   6.7667549e-01  -9.0917356e-01   5.7254521e-01   7.0491005e-01  -5.3917708e-01   2.0697902e-01   2.5454654e-01  -6.2968261e-01  -5.7562518e-01  -5.7538665e-01   7.9278838e-01   4.5924607e-01   3.7922711e-02   3.1618695e-01  -6.1543289e-01   3.1844635e-01  -6.1543289e-01   3.0371022e-01  -6.1543340e-01
   5.8940228e-01  -7.3781079e-01  -8.4130937e-01  -8.1284537e-01   9.5376153e-01   1.0000000e+00  -7.8905703e-01  -3.9753876e-01  -9.0384227e-01  -1.2087868e-01  -4.6707669e-01   7.4742662e-01  -8.3481711e-01   6.7645052e-01   6.5835609e-01  -4.4863281e-01   9.6817963e-02   1.6309883e-01  -4.5245589e-01  -7.3643244e-01  -7.3644061e-01   7.0028884e-01   3.0431749e-01   7.0613579e-02   2.6940590e-01  -5.1061375e-01   2.7184111e-01  -5.1061375e-01   2.5612294e-01  -5.1061429e-01
  -5.9515952e-01   7.9334906e-01   7.2507790e-01   8.3164039e-01  -8.0894284e-01  -7.8905703e-01   1.0000000e+00   6.2529311e-01   7.8098425e-01   4.7926810e-01   4.5375237e-01  -9.1609983e-01   9.3527169e-01  -8.7207491e-01  -9.7006782e-01   8.2413052e-01   3.3089657e-01   2.7966765e-01   6.8126828e-01   7.1450981e-01   7.1227134e-01  -8.8137689e-01  -3.6915452e-01   1.6008777e-01  -7.1125624e-01   8.6304894e-01  -7.1377617e-01   8.6304894e-01  -6.9626552e-01   8.6304915e-01
  -6.4799103e-01   6.8269298e-01   3.6520111e-01   6.4455931e-01  -4.8304055e-01  -3.9753876e-01   6.2529311e-01   1.0000000e+00   5.1801130e-01   7.3104046e-01   3.1977802e-01  -5.3946230e-01   6.1716602e-01  -4.4938865e-01  -6.7014623e-01   5.7132883e-01   1.5436549e-01   1.3586179e-01   5.7566628e-01   3.3422666e-01   3.2847138e-01  -6.6799843e-01  -4.8059243e-01   5.2187966e-01  -8.0989917e-01   6.8922252e-01  -8.0887612e-01   6.8922252e-01  -8.1429560e-01   6.8922139e-01
  -6.1930773e-01   9.1902188e-01   9.6606595e-01   8.6334647e-01  -9.7660978e-01  -9.0384227e-01   7.8098425e-01   5.1801130e-01   1.0000000e+00   1.9272278e-01   6.5161786e-01  -6.2502927e-01   8.9219864e-01  -5.3092910e-01  -7.0538428e-01   5.9987300e-01  -1.9201136e-01  -2.2711313e-01   7.0389084e-01   5.1302088e-01   5.1219910e-01  -7.9463387e-01  -5.7423297e-01   2.2128445e-02  -3.3535501e-01   6.6260066e-01  -3.3703349e-01   6.6260066e-01  -3.2599248e-01   6.6260102e-01
  -4.2456680e-01   3.5548919e-01   4.7792714e-02   3.7263999e-01  -1.9135159e-01  -1.2087868e-01   4.7926810e-01   7.3104046e-01   1.9272278e-01   1.0000000e+00  -7.4735363e-02  -3.7603270e-01   3.7014018e-01  -3.2099786e-01  -5.2645692e-01   5.0169195e-01   3.7790224e-01   3.5973039e-01   3.6442307e-01   1.2507209e-01   1.1991172e-01  -5.7299064e-01  -3.5575505e-01   4.9065411e-01  -7.3445701e-01   5.5264910e-01  -7.3330850e-01   5.5264910e-01  -7.3905454e-01   5.5264808e-01
  -3.8971144e-01   7.4805193e-01   7.5949041e-01   5.3908315e-01  -5.8759078e-01  -4.6707669e-01   4.5375237e-01   3.1977802e-01   6.5161786e-01  -7.4735363e-02   1.0000000e+00  -3.5193958e-01   6.3414385e-01  -3.3152705e-01  -5.0898526e-01   5.7997772e-01  -2.2687201e-01  -1.7098478e-01   7.3401758e-01   3.0183465e-01   3.0067379e-01  -3.9496048e-01  -3.8882289e-01   7.9736161e-02  -2.2671613e-01   5.5451209e-01  -2.2713916e-01   5.5451209e-01  -2.2412217e-01   5.5451225e-01
   5.5148673e-01  -6.1113245e-01  -5.6614935e-01  -7.5454603e-01   6.7667549e-01   7.4742662e-01  -9.1609983e-01  -5.3946230e-01  -6.2502927e-01  -3.7603270e-01  -3.5193958e-01   1.0000000e+00  -8.2878204e-01   9.6116253e-01   8.9263002e-01  -6.6674019e-01  -4.0803147e-01  -3.5168237e-01  -4.4273765e-01  -9.0842730e-01  -9.0689143e-01   6.9750890e-01   1.1286274e-01  -8.3301501e-02   7.0641801e-01  -6.8037749e-01   7.0989005e-01  -6.8037749e-01   6.8636927e-01  -6.8037780e-01
  -5.7722487e-01   9.2537508e-01   8.6054691e-01   8.3303936e-01  -9.0917356e-01  -8.3481711e-01   9.3527169e-01   6.1716602e-01   8.9219864e-01   3.7014018e-01   6.3414385e-01  -8.2878204e-01   1.0000000e+00  -7.3780173e-01  -9.0505336e-01   7.4121686e-01   1.9435447e-02  -9.0950351e-03   7.5510408e-01   6.4370963e-01   6.4205338e-01  -8.5050774e-01  -4.0398341e-01   1.0035184e-01  -5.9441083e-01   8.0020683e-01  -5.9680635e-01   8.0020683e-01  -5.8039750e-01   8.0020713e-01
   4.5392375e-01  -4.9835380e-01  -5.0418105e-01  -6.8851148e-01   5.7254521e-01   6.7645052e-01  -8.7207491e-01  -4.4938865e-01  -5.3092910e-01  -3.2099786e-01  -3.3152705e-01   9.6116253e-01  -7.3780173e-01   1.0000000e+00   8.6072424e-01  -6.9963866e-01  -5.5219755e-01  -5.0151238e-01  -4.1653412e-01  -9.0348797e-01  -9.0112855e-01   6.0053517e-01   6.0132254e-02  -1.6697687e-01   6.6568467e-01  -6.8261820e-01   6.6800581e-01  -6.8261820e-01   6.5178780e-01  -6.8261830e-01
   5.5977522e-01  -7.8640426e-01  -6.7223073e-01  -7.9025267e-01   7.0491005e-01   6.5835609e-01  -9.7006782e-01  -6.7014623e-01  -7.0538428e-01  -5.2645692e-01  -5.0898526e-01   8.9263002e-01  -9.0505336e-01   8.6072424e-01   1.0000000e+00  -8.9886349e-01  -3.8986081e-01  -3.5505769e-01  -7.3456569e-01  -6.5894853e-01  -6.5567782e-01   8.4455763e-01   3.8097324e-01  -2.6599157e-01   8.0190671e-01  -9.0976299e-01   8.0377539e-01  -9.0976299e-01   7.9017898e-01  -9.0976293e-01
  -5.2356907e-01   7.1823700e-01   6.1875903e-01   7.1925710e-01  -5.3917708e-01  -4.4863281e-01   8.2413052e-01   5.7132883e-01   5.9987300e-01   5.0169195e-01   5.7997772e-01  -6.6674019e-01   7.4121686e-01  -6.9963866e-01  -8.9886349e-01   1.0000000e+00   4.6727296e-01   4.6914225e-01   8.4100161e-01   4.2403775e-01   4.2092379e-01  -7.5979297e-01  -5.5701404e-01   2.8302751e-01  -6.9808568e-01   9.6157380e-01  -6.9922118e-01   9.6157380e-01  -6.9022919e-01   9.6157380e-01
  -1.1311624e-01  -1.7674307e-01  -2.1225288e-01   1.5031211e-01   2.0697902e-01   9.6817963e-02   3.3089657e-01   1.5436549e-01  -1.9201136e-01   3.7790224e-01  -2.2687201e-01  -4.0803147e-01   1.9435447e-02  -5.5219755e-01  -3.8986081e-01   4.6727296e-01   1.0000000e+00   9.8777336e-01   1.0682896e-02   3.3916800e-01   3.3630529e-01  -1.9024951e-01   1.9002725e-02   2.6954141e-01  -5.2509568e-01   3.7972736e-01  -5.2540968e-01   3.7972736e-01  -5.2205095e-01   3.7972696e-01
  -9.5720352e-02  -1.7945574e-01  -2.2999266e-01   1.1613423e-01   2.5454654e-01   1.6309883e-01   2.7966765e-01   1.3586179e-01  -2.2711313e-01   3.5973039e-01  -1.7098478e-01  -3.5168237e-01  -9.0950351e-03  -5.0151238e-01  -3.5505769e-01   4.6914225e-01   9.8777336e-01   1.0000000e+00   4.3015103e-02   2.9076033e-01   2.8805465e-01  -1.4330388e-01   1.3575895e-02   2.5919410e-01  -4.9606939e-01   3.7711914e-01  -4.9632217e-01   3.7711914e-01  -4.9335256e-01   3.7711879e-01
  -4.6789099e-01   8.7261122e-01   7.3125765e-01   6.3943101e-01  -6.2968261e-01  -4.5245589e-01   6.8126828e-01   5.7566628e-01   7.0389084e-01   3.6442307e-01   7.3401758e-01  -4.4273765e-01   7.5510408e-01  -4.1653412e-01  -7.3456569e-01   8.4100161e-01   1.0682896e-02   4.3015103e-02   1.0000000e+00   2.1759425e-01   2.1560159e-01  -6.5565227e-01  -5.9198390e-01   1.8611241e-01  -4.7242774e-01   9.0025143e-01  -4.7322420e-01   9.0025143e-01  -4.6683670e-01   9.0025165e-01
  -5.0668113e-01   4.1401489e-01   4.6856653e-01   6.5533656e-01  -5.7562518e-01  -7.3643244e-01   7.1450981e-01   3.3422666e-01   5.1302088e-01   1.2507209e-01   3.0183465e-01  -9.0842730e-01   6.4370963e-01  -9.0348797e-01  -6.5894853e-01   4.2403775e-01   3.3916800e-01   2.9076033e-01   2.1759425e-01   1.0000000e+00   9.9994153e-01  -4.2903410e-01   7.3568086e-02  -6.1922773e-02  -4.5675530e-01   4.2641991e-01  -4.6047618e-01   4.2641991e-01  -4.3595112e-01   4.2642048e-01
  -5.0732776e-01   4.1231503e-01   4.6806980e-01   6.5484730e-01  -5.7538665e-01  -7.3644061e-01   7.1227134e-01   3.2847138e-01   5.1219910e-01   1.1991172e-01   3.0067379e-01  -9.0689143e-01   6.4205338e-01  -9.0112855e-01  -6.5567782e-01   4.2092379e-01   3.3630529e-01   2.8805465e-01   2.1560159e-01   9.9994153e-01   1.0000000e+00  -4.2744761e-01   7.3758601e-02  -7.2676916e-02  -4.5078810e-01   4.2323041e-01  -4.5459913e-01   4.2323041e-01  -4.2950332e-01   4.2323101e-01
   7.1689802e-01  -8.0597663e-01  -7.0150915e-01  -8.7026159e-01   7.9278838e-01   7.0028884e-01  -8.8137689e-01  -6.6799843e-01  -7.9463387e-01  -5.7299064e-01  -3.9496048e-01   6.9750890e-01  -8.5050774e-01   6.0053517e-01   8.4455763e-01  -7.5979297e-01  -1.9024951e-01  -1.4330388e-01  -6.5565227e-01  -4.2903410e-01  -4.2744761e-01   1.0000000e+00   6.8947822e-01  -1.1231507e-01   6.2294256e-01  -8.0157770e-01   6.2535526e-01  -8.0157770e-01   6.0880791e-01  -8.0157796e-01
   6.6697709e-01  -5.9325367e-01  -5.2160327e-01  -6.9112301e-01   4.5924607e-01   3.0431749e-01  -3.6915452e-01  -4.8059243e-01  -5.7423297e-01  -3.5575505e-01  -3.8882289e-01   1.1286274e-01  -4.0398341e-01   6.0132254e-02   3.8097324e-01  -5.5701404e-01   1.9002725e-02   1.3575895e-02  -5.9198390e-01   7.3568086e-02   7.3758601e-02   6.8947822e-01   1.0000000e+00  -2.7958763e-02   2.1758837e-01  -5.6501580e-01   2.1858318e-01  -5.6501580e-01   2.1181116e-01  -5.6501615e-01
   8.9440360e-02   1.2307182e-01  -5.6699821e-03  -2.6703819e-04   3.7922711e-02   7.0613579e-02   1.6008777e-01   5.2187966e-01   2.2128445e-02   4.9065411e-01   7.9736161e-02  -8.3301501e-02   1.0035184e-01  -1.6697687e-01  -2.6599157e-01   2.8302751e-01   2.6954141e-01   2.5919410e-01   1.8611241e-01  -6.1922773e-02  -7.2676916e-02  -1.1231507e-01  -2.7958763e-02   1.0000000e+00  -5.3947229e-01   2.8768213e-01  -5.3104095e-01   2.8768213e-01  -5.8435369e-01   2.8767914e-01
   4.2662126e-01  -5.0842676e-01  -2.5338766e-01  -5.0838737e-01   3.1618695e-01   2.6940590e-01  -7.1125624e-01  -8.0989917e-01  -3.3535501e-01  -7.3445701e-01  -2.2671613e-01   7.0641801e-01  -5.9441083e-01   6.6568467e-01   8.0190671e-01  -6.9808568e-01  -5.2509568e-01  -4.9606939e-01  -4.7242774e-01  -4.5675530e-01  -4.5078810e-01   6.2294256e-01   2.1758837e-01  -5.3947229e-01   1.0000000e+00  -7.1366731e-01   9.9994988e-01  -7.1366731e-01   9.9851421e-01  -7.1366622e-01
  -5.7198332e-01   7.9830829e-01   6.3967258e-01   7.4920001e-01  -6.1543289e-01  -5.1061375e-01   8.6304894e-01   6.8922252e-01   6.6260066e-01   5.5264910e-01   5.5451209e-01  -6.8037749e-01   8.0020683e-01  -6.8261820e-01  -9.0976299e-01   9.6157380e-01   3.7972736e-01   3.7711914e-01   9.0025143e-01   4.2641991e-01   4.2323041e-01  -8.0157770e-01  -5.6501580e-01   2.8768213e-01  -7.1366731e-01   1.0000000e+00  -7.1482357e-01   1.0000000e+00  -7.0572187e-01   1.0000000e+00
   4.3044545e-01  -5.1003886e-01  -2.5486617e-01  -5.1158014e-01   3.1844635e-01   2.7184111e-01  -7.1377617e-01  -8.0887612e-01  -3.3703349e-01  -7.3330850e-01  -2.2713916e-01   7.0989005e-01  -5.9680635e-01   6.6800581e-01   8.0377539e-01  -6.9922118e-01  -5.2540968e-01  -4.9632217e-01  -4.7322420e-01  -4.6047618e-01  -4.5459913e-01   6.2535526e-01   2.1858318e-01  -5.3104095e-01   9.9994988e-01  -7.1482357e-01   1.0000000e+00  -7.1482357e-01   9.9791891e-01  -7.1482250e-01
  -5.7198332e-01   7.9830829e-01   6.3967258e-01   7.4920001e-01  -6.1543289e-01  -5.1061375e-01   8.6304894e-01   6.8922252e-01   6.6260066e-01   5.5264910e-01   5.5451209e-01  -6.8037749e-01   8.0020683e-01  -6.8261820e-01  -9.0976299e-01   9.6157380e-01   3.7972736e-01   3.7711914e-01   9.0025143e-01   4.2641991e-01   4.2323041e-01  -8.0157770e-01  -5.6501580e-01   2.8768213e-01  -7.1366731e-01   1.0000000e+00  -7.1482357e-01   1.0000000e+00  -7.0572187e-01   1.0000000e+00
   4.0561034e-01  -4.9889377e-01  -2.4513069e-01  -4.9037767e-01   3.0371022e-01   2.5612294e-01  -6.9626552e-01  -8.1429560e-01  -3.2599248e-01  -7.3905454e-01  -2.2412217e-01   6.8636927e-01  -5.8039750e-01   6.5178780e-01   7.9017898e-01  -6.9022919e-01  -5.2205095e-01  -4.9335256e-01  -4.6683670e-01  -4.3595112e-01  -4.2950332e-01   6.0880791e-01   2.1181116e-01  -5.8435369e-01   9.9851421e-01  -7.0572187e-01   9.9791891e-01  -7.0572187e-01   1.0000000e+00  -7.0572062e-01
  -5.7198401e-01   7.9830849e-01   6.3967303e-01   7.4920059e-01  -6.1543340e-01  -5.1061429e-01   8.6304915e-01   6.8922139e-01   6.6260102e-01   5.5264808e-01   5.5451225e-01  -6.8037780e-01   8.0020713e-01  -6.8261830e-01  -9.0976293e-01   9.6157380e-01   3.7972696e-01   3.7711879e-01   9.0025165e-01   4.2642048e-01   4.2323101e-01  -8.0157796e-01  -5.6501615e-01   2.8767914e-01  -7.1366622e-01   1.0000000e+00  -7.1482250e-01   1.0000000e+00  -7.0572062e-01   1.0000000e+00
