   1.0000000e+00  -6.4888245e-01  -4.2326213e-01  -7.6515852e-01   5.6549290e-01   5.3141361e-01  -3.5060117e-01  -4.9619235e-01  -5.8796081e-01  -1.8320885e-01  -4.7048651e-01   2.9333221e-01  -4.5353553e-01   2.0844765e-01   3.4389043e-01  -3.5054497e-01   1.8850993e-01   1.2878919e-01  -4.3840643e-01   2.0505469e-01  -2.0456284e-01   5.3215136e-01   7.7593625e-01   2.1336450e-01   1.5723467e-01  -4.2429495e-01   1.6267269e-01  -4.2429483e-01   1.3337711e-01  -4.2429533e-01
  -6.4888245e-01   1.0000000e+00   7.6370207e-01   8.3238696e-01  -9.1637964e-01  -8.0304780e-01   6.7054106e-01   5.6442574e-01   8.9131042e-01   2.4469165e-01   7.4370349e-01  -5.9336217e-01   8.9244290e-01  -3.4773090e-01  -6.4887835e-01   5.6337176e-01  -3.1453068e-01  -2.1880382e-01   7.0044267e-01  -3.9002070e-02   4.0839715e-02  -7.3144822e-01  -7.7065623e-01  -4.8065339e-02  -3.6829701e-01   6.4431632e-01  -3.7314907e-01   6.4431625e-01  -3.4643301e-01   6.4431641e-01
  -4.2326213e-01   7.6370207e-01   1.0000000e+00   6.6176932e-01  -8.5414491e-01  -8.3658466e-01   5.2845143e-01   6.8595516e-02   9.1025586e-01  -3.4259033e-02   7.7867523e-01  -4.7131300e-01   7.8601889e-01  -3.5342314e-01  -5.3190844e-01   4.7982778e-01  -3.7750603e-01  -3.5122845e-01   3.4532156e-01  -1.8804416e-01   1.8908440e-01  -6.1472911e-01  -6.1025559e-01  -1.9620747e-01  -1.1349266e-01   3.1446370e-01  -1.1815178e-01   3.1446360e-01  -9.3233996e-02   3.1446378e-01
  -7.6515852e-01   8.3238696e-01   6.6176932e-01   1.0000000e+00  -7.5124385e-01  -7.0380105e-01   5.9010345e-01   5.3756920e-01   8.3605272e-01   2.6369624e-01   5.6574166e-01  -5.8089263e-01   7.3091116e-01  -3.8115674e-01  -5.7757937e-01   4.9032474e-01  -1.1748122e-01  -5.8450600e-02   5.1816245e-01  -1.1845385e-01   1.2196332e-01  -8.6088168e-01  -9.9136450e-01  -1.1833785e-01  -3.2870391e-01   5.4197819e-01  -3.3453852e-01   5.4197809e-01  -3.0259913e-01   5.4197843e-01
   5.6549290e-01  -9.1637964e-01  -8.5414491e-01  -7.5124385e-01   1.0000000e+00   9.5233884e-01  -6.2980266e-01  -3.2550799e-01  -9.1931822e-01  -1.0598818e-01  -6.2817590e-01   5.5055485e-01  -8.9133827e-01   3.3321175e-01   5.5613508e-01  -4.2143981e-01   4.2355131e-01   3.6091085e-01  -5.4732424e-01   2.3726513e-01  -2.3827844e-01   6.9922988e-01   6.7595147e-01   2.5256507e-01   1.4778691e-01  -4.7710824e-01   1.5370178e-01  -4.7710809e-01   1.2190412e-01  -4.7710841e-01
   5.3141361e-01  -8.0304780e-01  -8.3658466e-01  -7.0380105e-01   9.5233884e-01   1.0000000e+00  -6.3007686e-01  -2.9315898e-01  -9.1534783e-01  -8.4651471e-02  -5.4342809e-01   5.7127591e-01  -8.4362799e-01   4.4192716e-01   5.4664014e-01  -3.6654899e-01   3.3624367e-01   3.1262312e-01  -4.3956314e-01   2.1391439e-01  -2.1456547e-01   7.1344100e-01   6.3568360e-01   2.3226772e-01   1.6950782e-01  -4.0893699e-01   1.7525801e-01  -4.0893686e-01   1.4438506e-01  -4.0893711e-01
  -3.5060117e-01   6.7054106e-01   5.2845143e-01   5.9010345e-01  -6.2980266e-01  -6.3007686e-01   1.0000000e+00   4.2138421e-01   6.1917479e-01   3.5062383e-01   4.5420259e-01  -9.4707176e-01   8.7295222e-01  -8.7882130e-01  -9.7200965e-01   8.5046553e-01   3.8819786e-01   4.3297217e-01   7.1906201e-01   3.5152314e-02  -3.2758559e-02  -8.5221504e-01  -5.4560080e-01   4.4074856e-02  -7.0843024e-01   8.6188230e-01  -7.1580569e-01   8.6188225e-01  -6.7486278e-01   8.6188243e-01
  -4.9619235e-01   5.6442574e-01   6.8595516e-02   5.3756920e-01  -3.2550799e-01  -2.9315898e-01   4.2138421e-01   1.0000000e+00   3.8401163e-01   6.0239404e-01   2.8121012e-01  -3.6536371e-01   4.1436493e-01  -2.6073915e-01  -4.4296002e-01   3.5620668e-01   8.6130900e-02   1.4120343e-01   5.6236050e-01   5.7656748e-01  -5.7565641e-01  -4.4629957e-01  -5.1710856e-01   5.6886501e-01  -7.0965060e-01   5.8597788e-01  -7.0734580e-01   5.8597812e-01  -7.1810762e-01   5.8597749e-01
  -5.8796081e-01   8.9131042e-01   9.1025586e-01   8.3605272e-01  -9.1931822e-01  -9.1534783e-01   6.1917479e-01   3.8401163e-01   1.0000000e+00   1.0537573e-01   7.2414203e-01  -5.7660941e-01   8.4603432e-01  -4.1336644e-01  -5.9610323e-01   4.7302078e-01  -3.3075976e-01  -2.9538241e-01   4.9324319e-01  -1.0427570e-01   1.0608979e-01  -7.6276977e-01  -7.8593589e-01  -1.1731972e-01  -2.6983987e-01   4.6349865e-01  -2.7476109e-01   4.6349857e-01  -2.4802526e-01   4.6349871e-01
  -1.8320885e-01   2.4469165e-01  -3.4259033e-02   2.6369624e-01  -1.0598818e-01  -8.4651471e-02   3.5062383e-01   6.0239404e-01   1.0537573e-01   1.0000000e+00  -3.0372708e-02  -3.5741414e-01   2.5658794e-01  -2.4769731e-01  -4.1332692e-01   3.6054457e-01   2.7836747e-01   2.9886004e-01   2.7386234e-01   5.5785272e-01  -5.5780752e-01  -3.4977854e-01  -2.6147062e-01   5.6222338e-01  -6.1682723e-01   3.6620011e-01  -6.1380345e-01   3.6620035e-01  -6.2852731e-01   3.6619968e-01
  -4.7048651e-01   7.4370349e-01   7.7867523e-01   5.6574166e-01  -6.2817590e-01  -5.4342809e-01   4.5420259e-01   2.8121012e-01   7.2414203e-01  -3.0372708e-02   1.0000000e+00  -3.9211564e-01   6.5693287e-01  -3.2480633e-01  -5.3451976e-01   5.7277175e-01  -2.5788870e-01  -1.8226720e-01   4.5793843e-01   7.9717803e-02  -7.8869171e-02  -4.6651835e-01  -5.3137786e-01   8.0803025e-02  -3.2159894e-01   4.3233014e-01  -3.2380722e-01   4.3233015e-01  -3.1138285e-01   4.3233014e-01
   2.9333221e-01  -5.9336217e-01  -4.7131300e-01  -5.8089263e-01   5.5055485e-01   5.7127591e-01  -9.4707176e-01  -3.6536371e-01  -5.7660941e-01  -3.5741414e-01  -3.9211564e-01   1.0000000e+00  -8.0461647e-01   9.0336726e-01   9.3447196e-01  -7.4037142e-01  -4.3280102e-01  -4.4780560e-01  -5.1861211e-01   2.3471242e-02  -2.5967933e-02   8.9043474e-01   5.4300979e-01   7.1883868e-03   7.0622074e-01  -7.1333374e-01   7.1461487e-01  -7.1333367e-01   6.6819848e-01  -7.1333395e-01
  -4.5353553e-01   8.9244290e-01   7.8601889e-01   7.3091116e-01  -8.9133827e-01  -8.4362799e-01   8.7295222e-01   4.1436493e-01   8.4603432e-01   2.5658794e-01   6.5693287e-01  -8.0461647e-01   1.0000000e+00  -6.4044351e-01  -8.3618488e-01   6.9463382e-01  -7.0422854e-02   3.0306827e-04   6.9916699e-01  -7.4835565e-02   7.6798981e-02  -8.3128913e-01  -6.6040251e-01  -7.7481501e-02  -4.7487679e-01   7.2230979e-01  -4.8158379e-01   7.2230970e-01  -4.4480505e-01   7.2230993e-01
   2.0844765e-01  -3.4773090e-01  -3.5342314e-01  -3.8115674e-01   3.3321175e-01   4.4192716e-01  -8.7882130e-01  -2.6073915e-01  -4.1336644e-01  -2.4769731e-01  -3.2480633e-01   9.0336726e-01  -6.4044351e-01   1.0000000e+00   8.8335909e-01  -7.5020925e-01  -6.1200242e-01  -6.0384522e-01  -4.5218891e-01  -6.3469036e-02   6.1608742e-02   7.3907874e-01   3.6806993e-01  -7.7089527e-02   7.2422697e-01  -6.7774215e-01   7.3128204e-01  -6.7774214e-01   6.9209218e-01  -6.7774227e-01
   3.4389043e-01  -6.4887835e-01  -5.3190844e-01  -5.7757937e-01   5.5613508e-01   5.4664014e-01  -9.7200965e-01  -4.4296002e-01  -5.9610323e-01  -4.1332692e-01  -5.3451976e-01   9.3447196e-01  -8.3618488e-01   8.8335909e-01   1.0000000e+00  -9.1097693e-01  -4.1102647e-01  -4.4894344e-01  -6.8385787e-01  -1.5692584e-01   1.5478586e-01   8.2685437e-01   5.4204680e-01  -1.7178237e-01   7.8823883e-01  -8.4721178e-01   7.9433829e-01  -8.4721180e-01   7.6005099e-01  -8.4721182e-01
  -3.5054497e-01   5.6337176e-01   4.7982778e-01   4.9032474e-01  -4.2143981e-01  -3.6654899e-01   8.5046553e-01   3.5620668e-01   4.7302078e-01   3.6054457e-01   5.7277175e-01  -7.4037142e-01   6.9463382e-01  -7.5020925e-01  -9.1097693e-01   1.0000000e+00   4.2432410e-01   4.9160792e-01   7.5351602e-01   2.1634232e-01  -2.1346344e-01  -6.5395405e-01  -4.7971625e-01   2.2912803e-01  -7.1608371e-01   8.7601269e-01  -7.2030747e-01   8.7601271e-01  -6.9609741e-01   8.7601264e-01
   1.8850993e-01  -3.1453068e-01  -3.7750603e-01  -1.1748122e-01   4.2355131e-01   3.3624367e-01   3.8819786e-01   8.6130900e-02  -3.3075976e-01   2.7836747e-01  -2.5788870e-01  -4.3280102e-01  -7.0422854e-02  -6.1200242e-01  -4.1102647e-01   4.2432410e-01   1.0000000e+00   9.8168469e-01   1.1698999e-01   2.4923199e-01  -2.4719658e-01  -2.2870716e-01   6.7340489e-02   2.7028548e-01  -5.8155579e-01   3.8113730e-01  -5.8366750e-01   3.8113738e-01  -5.7096723e-01   3.8113727e-01
   1.2878919e-01  -2.1880382e-01  -3.5122845e-01  -5.8450600e-02   3.6091085e-01   3.1262312e-01   4.3297217e-01   1.4120343e-01  -2.9538241e-01   2.9886004e-01  -1.8226720e-01  -4.4780560e-01   3.0306827e-04  -6.0384522e-01  -4.4894344e-01   4.9160792e-01   9.8168469e-01   1.0000000e+00   2.4867551e-01   2.4285423e-01  -2.4037233e-01  -2.5844725e-01   1.1184225e-02   2.6041846e-01  -5.9300038e-01   4.8427057e-01  -5.9535316e-01   4.8427063e-01  -5.8128742e-01   4.8427055e-01
  -4.3840643e-01   7.0044267e-01   3.4532156e-01   5.1816245e-01  -5.4732424e-01  -4.3956314e-01   7.1906201e-01   5.6236050e-01   4.9324319e-01   2.7386234e-01   4.5793843e-01  -5.1861211e-01   6.9916699e-01  -4.5218891e-01  -6.8385787e-01   7.5351602e-01   1.1698999e-01   2.4867551e-01   1.0000000e+00   1.5135154e-01  -1.4818519e-01  -5.1712335e-01  -4.8825317e-01   1.4189292e-01  -5.0516898e-01   9.4335473e-01  -5.0816876e-01   9.4335471e-01  -4.9087868e-01   9.4335470e-01
   2.0505469e-01  -3.9002070e-02  -1.8804416e-01  -1.1845385e-01   2.3726513e-01   2.1391439e-01   3.5152314e-02   5.7656748e-01  -1.0427570e-01   5.5785272e-01   7.9717803e-02   2.3471242e-02  -7.4835565e-02  -6.3469036e-02  -1.5692584e-01   2.1634232e-01   2.4923199e-01   2.4285423e-01   1.5135154e-01   1.0000000e+00  -9.9994390e-01   9.2173570e-02   1.1734014e-01   9.9691960e-01  -6.3667644e-01   1.9929496e-01  -6.2598693e-01   1.9929542e-01  -6.8173213e-01   1.9929400e-01
  -2.0456284e-01   4.0839715e-02   1.8908440e-01   1.2196332e-01  -2.3827844e-01  -2.1456547e-01  -3.2758559e-02  -5.7565641e-01   1.0608979e-01  -5.5780752e-01  -7.8869171e-02  -2.5967933e-02   7.6798981e-02   6.1608742e-02   1.5478586e-01  -2.1346344e-01  -2.4719658e-01  -2.4037233e-01  -1.4818519e-01  -9.9994390e-01   1.0000000e+00  -9.5963523e-02  -1.2122770e-01  -9.9660335e-01   6.3488063e-01  -1.9597496e-01   6.2417178e-01  -1.9597542e-01   6.8003232e-01  -1.9597399e-01
   5.3215136e-01  -7.3144822e-01  -6.1472911e-01  -8.6088168e-01   6.9922988e-01   7.1344100e-01  -8.5221504e-01  -4.4629957e-01  -7.6276977e-01  -3.4977854e-01  -4.6651835e-01   8.9043474e-01  -8.3128913e-01   7.3907874e-01   8.2685437e-01  -6.5395405e-01  -2.2870716e-01  -2.5844725e-01  -5.1712335e-01   9.2173570e-02  -9.5963523e-02   1.0000000e+00   8.3599378e-01   8.4858390e-02   5.5428211e-01  -6.5807132e-01   5.6219335e-01  -6.5807121e-01   5.1863363e-01  -6.5807158e-01
   7.7593625e-01  -7.7065623e-01  -6.1025559e-01  -9.9136450e-01   6.7595147e-01   6.3568360e-01  -5.4560080e-01  -5.1710856e-01  -7.8593589e-01  -2.6147062e-01  -5.3137786e-01   5.4300979e-01  -6.6040251e-01   3.6806993e-01   5.4204680e-01  -4.7971625e-01   6.7340489e-02   1.1184225e-02  -4.8825317e-01   1.1734014e-01  -1.2122770e-01   8.3599378e-01   1.0000000e+00   1.1372624e-01   3.1571231e-01  -5.2065340e-01   3.2138158e-01  -5.2065330e-01   2.9032475e-01  -5.2065365e-01
   2.1336450e-01  -4.8065339e-02  -1.9620747e-01  -1.1833785e-01   2.5256507e-01   2.3226772e-01   4.4074856e-02   5.6886501e-01  -1.1731972e-01   5.6222338e-01   8.0803025e-02   7.1883868e-03  -7.7481501e-02  -7.7089527e-02  -1.7178237e-01   2.2912803e-01   2.7028548e-01   2.6041846e-01   1.4189292e-01   9.9691960e-01  -9.9660335e-01   8.4858390e-02   1.1372624e-01   1.0000000e+00  -6.5199322e-01   2.0128263e-01  -6.4153155e-01   2.0128309e-01  -6.9600268e-01   2.0128169e-01
   1.5723467e-01  -3.6829701e-01  -1.1349266e-01  -3.2870391e-01   1.4778691e-01   1.6950782e-01  -7.0843024e-01  -7.0965060e-01  -2.6983987e-01  -6.1682723e-01  -3.2159894e-01   7.0622074e-01  -4.7487679e-01   7.2422697e-01   7.8823883e-01  -7.1608371e-01  -5.8155579e-01  -5.9300038e-01  -5.0516898e-01  -6.3667644e-01   6.3488063e-01   5.5428211e-01   3.1571231e-01  -6.5199322e-01   1.0000000e+00  -7.0282448e-01   9.9990500e-01  -7.0282473e-01   9.9820328e-01  -7.0282408e-01
  -4.2429495e-01   6.4431632e-01   3.1446370e-01   5.4197819e-01  -4.7710824e-01  -4.0893699e-01   8.6188230e-01   5.8597788e-01   4.6349865e-01   3.6620011e-01   4.3233014e-01  -7.1333374e-01   7.2230979e-01  -6.7774215e-01  -8.4721178e-01   8.7601269e-01   3.8113730e-01   4.8427057e-01   9.4335473e-01   1.9929496e-01  -1.9597496e-01  -6.5807132e-01  -5.2065340e-01   2.0128263e-01  -7.0282448e-01   1.0000000e+00  -7.0719896e-01   1.0000000e+00  -6.8214539e-01   1.0000000e+00
   1.6267269e-01  -3.7314907e-01  -1.1815178e-01  -3.3453852e-01   1.5370178e-01   1.7525801e-01  -7.1580569e-01  -7.0734580e-01  -2.7476109e-01  -6.1380345e-01  -3.2380722e-01   7.1461487e-01  -4.8158379e-01   7.3128204e-01   7.9433829e-01  -7.2030747e-01  -5.8366750e-01  -5.9535316e-01  -5.0816876e-01  -6.2598693e-01   6.2417178e-01   5.6219335e-01   3.2138158e-01  -6.4153155e-01   9.9990500e-01  -7.0719896e-01   1.0000000e+00  -7.0719920e-01   9.9728266e-01  -7.0719857e-01
  -4.2429483e-01   6.4431625e-01   3.1446360e-01   5.4197809e-01  -4.7710809e-01  -4.0893686e-01   8.6188225e-01   5.8597812e-01   4.6349857e-01   3.6620035e-01   4.3233015e-01  -7.1333367e-01   7.2230970e-01  -6.7774214e-01  -8.4721180e-01   8.7601271e-01   3.8113738e-01   4.8427063e-01   9.4335471e-01   1.9929542e-01  -1.9597542e-01  -6.5807121e-01  -5.2065330e-01   2.0128309e-01  -7.0282473e-01   1.0000000e+00  -7.0719920e-01   1.0000000e+00  -6.8214567e-01   1.0000000e+00
   1.3337711e-01  -3.4643301e-01  -9.3233996e-02  -3.0259913e-01   1.2190412e-01   1.4438506e-01  -6.7486278e-01  -7.1810762e-01  -2.4802526e-01  -6.2852731e-01  -3.1138285e-01   6.6819848e-01  -4.4480505e-01   6.9209218e-01   7.6005099e-01  -6.9609741e-01  -5.7096723e-01  -5.8128742e-01  -4.9087868e-01  -6.8173213e-01   6.8003232e-01   5.1863363e-01   2.9032475e-01  -6.9600268e-01   9.9820328e-01  -6.8214539e-01   9.9728266e-01  -6.8214567e-01   1.0000000e+00  -6.8214493e-01
  -4.2429533e-01   6.4431641e-01   3.1446378e-01   5.4197843e-01  -4.7710841e-01  -4.0893711e-01   8.6188243e-01   5.8597749e-01   4.6349871e-01   3.6619968e-01   4.3233014e-01  -7.1333395e-01   7.2230993e-01  -6.7774227e-01  -8.4721182e-01   8.7601264e-01   3.8113727e-01   4.8427055e-01   9.4335470e-01   1.9929400e-01  -1.9597399e-01  -6.5807158e-01  -5.2065365e-01   2.0128169e-01  -7.0282408e-01   1.0000000e+00  -7.0719857e-01   1.0000000e+00  -6.8214493e-01   1.0000000e+00
