   1.0000000e+00   6.9864985e-01   7.8077012e-02   6.8091853e-01   4.5588685e-01   4.8491163e-01   7.7689937e-01   7.4480703e-01   7.7715032e-01   8.1039009e-01   5.6522554e-01   1.8380604e-01   1.2289154e-02   4.0979898e-01  -1.5920575e-03   6.4539282e-01   2.3867988e-01   5.2382265e-01   7.6626804e-01   1.2272594e-02   2.7908838e-01
   6.9864985e-01   1.0000000e+00   7.3136994e-01   9.0434194e-01   9.0685465e-01   9.2067935e-01   7.0868270e-01   9.8019462e-01   4.5952938e-01   6.3925321e-01   1.3535683e-01  -1.6812047e-01  -2.7277836e-01   6.8144110e-02  -1.5701196e-01   4.7287918e-01  -3.2849429e-01   4.3360083e-01   4.1077793e-01  -2.6220319e-01   9.8112719e-02
   7.8077012e-02   7.3136994e-01   1.0000000e+00   6.0511561e-01   7.7455779e-01   7.6032593e-01   2.5946492e-01   6.6132409e-01  -7.5456753e-02   1.5725012e-01  -3.5423339e-01  -4.4906152e-01  -4.4409490e-01  -3.1530612e-01  -2.3777638e-01   8.2871403e-02  -6.5965396e-01   1.1903503e-01  -1.1622085e-01  -4.9490313e-01  -1.2471055e-01
   6.8091853e-01   9.0434194e-01   6.0511561e-01   1.0000000e+00   7.7285130e-01   8.0329611e-01   7.3582451e-01   9.3759145e-01   4.9717710e-01   6.7384287e-01   1.7219177e-01  -6.9728646e-02  -1.5890438e-01   1.5924956e-01  -6.2303795e-02   5.0668209e-01  -2.9436670e-01   4.2314399e-01   3.9838547e-01  -3.0423668e-01  -2.2336584e-02
   4.5588685e-01   9.0685465e-01   7.7455779e-01   7.7285130e-01   1.0000000e+00   9.9299483e-01   6.4560290e-01   8.3471380e-01   2.8735425e-01   4.0188313e-01   8.2898493e-02  -2.0891761e-01  -3.0482423e-01  -4.1256364e-02  -1.9459800e-01   2.2387910e-01  -3.3187615e-01   2.3356097e-01   2.2422936e-01  -2.2602121e-01   6.2396177e-02
   4.8491163e-01   9.2067935e-01   7.6032593e-01   8.0329611e-01   9.9299483e-01   1.0000000e+00   6.7718259e-01   8.5914771e-01   3.0735311e-01   4.3446342e-01   8.5047449e-02  -2.1377561e-01  -3.1142523e-01  -3.4742808e-02  -2.0902524e-01   2.4231752e-01  -3.3486477e-01   2.4786919e-01   2.4715204e-01  -2.2502058e-01   7.1588188e-02
   7.7689937e-01   7.0868270e-01   2.5946492e-01   7.3582451e-01   6.4560290e-01   6.7718259e-01   1.0000000e+00   7.0173425e-01   5.4338636e-01   5.9473101e-01   3.6532612e-01  -1.7680024e-02  -1.7004976e-01   1.7623273e-01  -1.6554683e-01   3.8082912e-01   1.4785610e-01   3.1378546e-01   5.5049650e-01  -1.4787015e-01   5.2513711e-02
   7.4480703e-01   9.8019462e-01   6.6132409e-01   9.3759145e-01   8.3471380e-01   8.5914771e-01   7.0173425e-01   1.0000000e+00   4.9385895e-01   6.6986999e-01   1.7159268e-01  -1.3237395e-01  -2.3975775e-01   1.0705774e-01  -1.5287483e-01   5.4611964e-01  -2.8498748e-01   4.8250365e-01   4.6079679e-01  -2.4473464e-01   9.6266371e-02
   7.7715032e-01   4.5952938e-01  -7.5456753e-02   4.9717710e-01   2.8735425e-01   3.0735311e-01   5.4338636e-01   4.9385895e-01   1.0000000e+00   9.1808775e-01   8.6875310e-01   6.9080608e-01   5.5077277e-01   8.5700299e-01   4.9806190e-01   7.5980569e-01   4.7389670e-01   6.8207192e-01   9.1202123e-01   3.8003342e-01   3.3389986e-01
   8.1039009e-01   6.3925321e-01   1.5725012e-01   6.7384287e-01   4.0188313e-01   4.3446342e-01   5.9473101e-01   6.6986999e-01   9.1808775e-01   1.0000000e+00   6.0369177e-01   4.4893141e-01   3.4281367e-01   6.8630766e-01   3.8043360e-01   7.9933899e-01   1.2896720e-01   7.3314839e-01   8.2579649e-01   1.6250801e-01   1.9501980e-01
   5.6522554e-01   1.3535683e-01  -3.5423339e-01   1.7219177e-01   8.2898493e-02   8.5047449e-02   3.6532612e-01   1.7159268e-01   8.6875310e-01   6.0369177e-01   1.0000000e+00   8.1686026e-01   6.6256394e-01   8.5883755e-01   5.0466742e-01   5.4864124e-01   7.8941954e-01   4.8059048e-01   8.2215473e-01   5.6061323e-01   4.4003346e-01
   1.8380604e-01  -1.6812047e-01  -4.4906152e-01  -6.9728646e-02  -2.0891761e-01  -2.1377561e-01  -1.7680024e-02  -1.3237395e-01   6.9080608e-01   4.4893141e-01   8.1686026e-01   1.0000000e+00   9.7317503e-01   9.5800499e-01   8.7095480e-01   4.3538716e-01   6.8785992e-01   4.4830639e-01   5.8961430e-01   6.9641309e-01   2.2504184e-01
   1.2289154e-02  -2.7277836e-01  -4.4409490e-01  -1.5890438e-01  -3.0482423e-01  -3.1142523e-01  -1.7004976e-01  -2.3975775e-01   5.5077277e-01   3.4281367e-01   6.6256394e-01   9.7317503e-01   1.0000000e+00   9.0202431e-01   9.2876969e-01   3.5087386e-01   5.7710131e-01   3.9668364e-01   4.4067919e-01   6.8367017e-01   1.1626143e-01
   4.0979898e-01   6.8144110e-02  -3.1530612e-01   1.5924956e-01  -4.1256364e-02  -3.4742808e-02   1.7623273e-01   1.0705774e-01   8.5700299e-01   6.8630766e-01   8.5883755e-01   9.5800499e-01   9.0202431e-01   1.0000000e+00   8.3084128e-01   6.1092356e-01   6.0134657e-01   6.0013995e-01   7.4504131e-01   6.1916435e-01   2.4608904e-01
  -1.5920575e-03  -1.5701196e-01  -2.3777638e-01  -6.2303795e-02  -1.9459800e-01  -2.0902524e-01  -1.6554683e-01  -1.5287483e-01   4.9806190e-01   3.8043360e-01   5.0466742e-01   8.7095480e-01   9.2876969e-01   8.3084128e-01   1.0000000e+00   3.0187021e-01   3.5318540e-01   3.9368195e-01   3.3772646e-01   4.8614716e-01   1.1920768e-01
   6.4539282e-01   4.7287918e-01   8.2871403e-02   5.0668209e-01   2.2387910e-01   2.4231752e-01   3.8082912e-01   5.4611964e-01   7.5980569e-01   7.9933899e-01   5.4864124e-01   4.3538716e-01   3.5087386e-01   6.1092356e-01   3.0187021e-01   1.0000000e+00   1.8673562e-01   9.5262843e-01   8.6843920e-01   3.0963594e-01   1.5570304e-01
   2.3867988e-01  -3.2849429e-01  -6.5965396e-01  -2.9436670e-01  -3.3187615e-01  -3.3486477e-01   1.4785610e-01  -2.8498748e-01   4.7389670e-01   1.2896720e-01   7.8941954e-01   6.8785992e-01   5.7710131e-01   6.0134657e-01   3.5318540e-01   1.8673562e-01   1.0000000e+00   1.2927046e-01   5.3298592e-01   5.7348870e-01   3.6308566e-01
   5.2382265e-01   4.3360083e-01   1.1903503e-01   4.2314399e-01   2.3356097e-01   2.4786919e-01   3.1378546e-01   4.8250365e-01   6.8207192e-01   7.3314839e-01   4.8059048e-01   4.4830639e-01   3.9668364e-01   6.0013995e-01   3.9368195e-01   9.5262843e-01   1.2927046e-01   1.0000000e+00   8.2429241e-01   3.4826096e-01   1.3382785e-01
   7.6626804e-01   4.1077793e-01  -1.1622085e-01   3.9838547e-01   2.2422936e-01   2.4715204e-01   5.5049650e-01   4.6079679e-01   9.1202123e-01   8.2579649e-01   8.2215473e-01   5.8961430e-01   4.4067919e-01   7.4504131e-01   3.3772646e-01   8.6843920e-01   5.3298592e-01   8.2429241e-01   1.0000000e+00   4.3689429e-01   3.2366236e-01
   1.2272594e-02  -2.6220319e-01  -4.9490313e-01  -3.0423668e-01  -2.2602121e-01  -2.2502058e-01  -1.4787015e-01  -2.4473464e-01   3.8003342e-01   1.6250801e-01   5.6061323e-01   6.9641309e-01   6.8367017e-01   6.1916435e-01   4.8614716e-01   3.0963594e-01   5.7348870e-01   3.4826096e-01   4.3689429e-01   1.0000000e+00   1.3935409e-01
   2.7908838e-01   9.8112719e-02  -1.2471055e-01  -2.2336584e-02   6.2396177e-02   7.1588188e-02   5.2513711e-02   9.6266371e-02   3.3389986e-01   1.9501980e-01   4.4003346e-01   2.2504184e-01   1.1626143e-01   2.4608904e-01   1.1920768e-01   1.5570304e-01   3.6308566e-01   1.3382785e-01   3.2366236e-01   1.3935409e-01   1.0000000e+00
