   1.0000000e+00  -5.8916831e-01  -1.4962038e-01  -7.0615197e-01   4.3442079e-01   4.9787798e-01   8.1133442e-02  -5.1521318e-01  -3.1035936e-01  -4.9803422e-01   2.9440838e-02  -1.3734849e-01   1.0783385e-01  -6.6739353e-02  -2.5219215e-01   1.7687541e-01   1.3603380e-01   1.5705942e-01  -1.3955856e-02  -1.6575495e-01  -1.4852080e-01   3.4700221e-01   4.7640965e-01  -2.5543576e-01   2.4242095e-01  -4.5628697e-02   2.3927701e-01  -4.5632524e-02   2.5396532e-01  -4.5612272e-02
  -5.8916831e-01   1.0000000e+00   4.8170401e-01   6.8922590e-01  -7.4226510e-01  -7.6333983e-01   1.7095326e-01   7.1070853e-01   7.5572041e-01   6.0531901e-01   3.7458623e-01  -8.1465272e-03   2.3083644e-01  -6.9174408e-02  -1.6682703e-01   2.5743181e-01   6.2337319e-02   8.3255761e-03   3.1495880e-01   1.9048746e-01   1.6144245e-01  -6.1315565e-01  -3.8030839e-01   3.4503629e-01  -3.9737531e-01   3.3222518e-01  -3.9423026e-01   3.3222891e-01  -4.0710964e-01   3.3221159e-01
  -1.4962038e-01   4.8170401e-01   1.0000000e+00   2.4297288e-01  -7.9043535e-01  -7.3964866e-01   5.4443642e-02  -2.2683246e-01   9.2120200e-01  -3.4982337e-01   5.7817825e-01  -1.4310017e-02   1.5992608e-01   2.5681070e-02  -2.1307283e-01   3.3108243e-01  -2.1365936e-01  -2.8709890e-01  -5.0292727e-02   1.2204225e-01   1.4704531e-01  -2.6103971e-01  -1.0300472e-01  -2.3648995e-01   4.5724787e-01  -7.3893564e-02   4.6634313e-01  -7.3892485e-02   4.1650207e-01  -7.3887963e-02
  -7.0615197e-01   6.8922590e-01   2.4297288e-01   1.0000000e+00  -5.5771391e-01  -6.0431306e-01  -1.5006704e-02   5.3262037e-01   4.0785144e-01   4.5037747e-01  -7.8385968e-02   5.8231358e-02   1.1629360e-02   3.5569979e-02   1.0003048e-01  -8.2890498e-02  -1.1173746e-01  -1.4407787e-01   8.8472448e-02   2.9100268e-01   2.7853717e-01  -6.8036812e-01  -6.9627497e-01   3.3305341e-01  -2.5822825e-01   1.0961608e-01  -2.5306641e-01   1.0962012e-01  -2.7742103e-01   1.0959751e-01
   4.3442079e-01  -7.4226510e-01  -7.9043535e-01  -5.5771391e-01   1.0000000e+00   9.7687006e-01  -1.7763950e-01  -1.1405401e-01  -8.6168136e-01   2.8540294e-03  -4.0297325e-01   9.9675294e-02  -3.1977055e-01   1.8522959e-02   2.2469922e-01  -2.4235465e-01   1.5320448e-01   2.1007714e-01  -9.5010427e-02  -3.8889852e-01  -3.9585699e-01   3.8678155e-01   1.6854622e-01  -1.3251777e-01  -1.1734713e-01  -4.9820573e-02  -1.3030031e-01  -4.9825391e-02  -6.3702854e-02  -4.9806560e-02
   4.9787798e-01  -7.6333983e-01  -7.3964866e-01  -6.0431306e-01   9.7687006e-01   1.0000000e+00  -3.0337949e-01  -1.9667546e-01  -8.4606011e-01  -9.5344020e-02  -3.5657992e-01   2.4150882e-01  -4.2577547e-01   1.8369696e-01   3.1426774e-01  -3.1987244e-01   3.6981596e-02   1.0349587e-01  -1.8874787e-01  -5.2329559e-01  -5.2050859e-01   3.9551573e-01   1.0885125e-01  -3.0567239e-01   2.3687460e-02  -1.6304665e-01   7.7483817e-03  -1.6305314e-01   8.8282839e-02  -1.6302389e-01
   8.1133442e-02   1.7095326e-01   5.4443642e-02  -1.5006704e-02  -1.7763950e-01  -3.0337949e-01   1.0000000e+00   1.7397175e-01   2.1018299e-01   1.9398280e-01   4.1707327e-02  -9.4770873e-01   9.6972509e-01  -9.2944620e-01  -9.5191426e-01   8.4660087e-01   8.1910538e-01   7.4901211e-01   8.7382774e-01   8.0417448e-01   7.9882755e-01  -2.3562463e-01   6.1216845e-01   6.0457770e-01  -5.2382394e-01   8.5073897e-01  -5.1258777e-01   8.5074293e-01  -5.6495031e-01   8.5072229e-01
  -5.1521318e-01   7.1070853e-01  -2.2683246e-01   5.3262037e-01  -1.1405401e-01  -1.9667546e-01   1.7397175e-01   1.0000000e+00   1.4364732e-01   9.7856996e-01   4.4319621e-02  -1.8824167e-02   1.1249966e-01  -1.7439222e-01  -5.9550480e-02   1.3984568e-01   3.4351092e-01   3.3586835e-01   4.3923142e-01   7.9045260e-02   2.5088392e-02  -4.7399634e-01  -3.2420116e-01   5.5761605e-01  -8.3337162e-01   5.1161482e-01  -8.3845632e-01   5.1161748e-01  -8.0615643e-01   5.1159894e-01
  -3.1035936e-01   7.5572041e-01   9.2120200e-01   4.0785144e-01  -8.6168136e-01  -8.4606011e-01   2.1018299e-01   1.4364732e-01   1.0000000e+00   1.1061894e-02   5.9522764e-01  -1.1549811e-01   3.0172805e-01  -1.2246359e-01  -3.3338380e-01   4.5844143e-01  -3.1209332e-02  -1.1323307e-01   1.7525083e-01   2.2784381e-01   2.3128288e-01  -4.1275898e-01  -1.3325157e-01   2.7525094e-02   1.1233590e-01   1.7486225e-01   1.2131087e-01   1.7486497e-01   7.4819748e-02   1.7485922e-01
  -4.9803422e-01   6.0531901e-01  -3.4982337e-01   4.5037747e-01   2.8540294e-03  -9.5344020e-02   1.9398280e-01   9.7856996e-01   1.1061894e-02   1.0000000e+00  -3.2259789e-02  -4.5301999e-02   1.1929374e-01  -2.0694828e-01  -3.8908820e-02   9.7538476e-02   3.8045305e-01   3.7986444e-01   4.3620272e-01   8.8203828e-02   3.0521527e-02  -3.9904167e-01  -2.4421930e-01   6.0418785e-01  -8.8297450e-01   5.0758632e-01  -8.8805315e-01   5.0758934e-01  -8.5528261e-01   5.0756767e-01
   2.9440838e-02   3.7458623e-01   5.7817825e-01  -7.8385968e-02  -4.0297325e-01  -3.5657992e-01   4.1707327e-02   4.4319621e-02   5.9522764e-01  -3.2259789e-02   1.0000000e+00   5.6129531e-02   5.5947179e-02  -3.8276663e-03  -1.5622924e-01   3.9960282e-01   4.7889219e-02   1.5706513e-02   8.6256512e-02  -7.4930846e-02  -6.1448333e-02   4.5286076e-02   1.1096667e-01  -2.3737151e-01   1.7404065e-01   1.3660048e-01   1.7263692e-01   1.3659896e-01   1.7812517e-01   1.3661675e-01
  -1.3734849e-01  -8.1465272e-03  -1.4310017e-02   5.8231358e-02   9.9675294e-02   2.4150882e-01  -9.4770873e-01  -1.8824167e-02  -1.1549811e-01  -4.5301999e-02   5.6129531e-02   1.0000000e+00  -9.2915746e-01   9.6219950e-01   9.0923242e-01  -7.4169306e-01  -6.9206653e-01  -6.1733684e-01  -7.1474205e-01  -8.4719730e-01  -8.4132374e-01   6.4423432e-02  -6.5623236e-01  -6.1740280e-01   4.1386596e-01  -7.0861248e-01   3.9809648e-01  -7.0861782e-01   4.7428189e-01  -7.0858821e-01
   1.0783385e-01   2.3083644e-01   1.5992608e-01   1.1629360e-02  -3.1977055e-01  -4.2577547e-01   9.6972509e-01   1.1249966e-01   3.0172805e-01   1.1929374e-01   5.5947179e-02  -9.2915746e-01   1.0000000e+00  -8.7469309e-01  -9.4756091e-01   7.9202141e-01   6.8880704e-01   6.1320865e-01   7.8545624e-01   8.3601643e-01   8.2951723e-01  -2.1367653e-01   6.1905815e-01   6.1692585e-01  -4.4683394e-01   7.4023652e-01  -4.3211756e-01   7.4024189e-01  -5.0259453e-01   7.4021410e-01
  -6.6739353e-02  -6.9174408e-02   2.5681070e-02   3.5569979e-02   1.8522959e-02   1.8369696e-01  -9.2944620e-01  -1.7439222e-01  -1.2246359e-01  -2.0694828e-01  -3.8276663e-03   9.6219950e-01  -8.7469309e-01   1.0000000e+00   8.7502552e-01  -7.6943185e-01  -7.4975200e-01  -6.7023115e-01  -7.3492741e-01  -7.8116081e-01  -7.6177913e-01   8.1868715e-02  -6.1192808e-01  -6.8545222e-01   5.4741584e-01  -7.6732474e-01   5.3340534e-01  -7.6733042e-01   5.9964063e-01  -7.6729871e-01
  -2.5219215e-01  -1.6682703e-01  -2.1307283e-01   1.0003048e-01   2.2469922e-01   3.1426774e-01  -9.5191426e-01  -5.9550480e-02  -3.3338380e-01  -3.8908820e-02  -1.5622924e-01   9.0923242e-01  -9.4756091e-01   8.7502552e-01   1.0000000e+00  -9.0669281e-01  -7.5378202e-01  -6.7761357e-01  -8.2247520e-01  -7.1102564e-01  -7.1386833e-01   2.1695588e-01  -6.1888416e-01  -4.5061371e-01   3.6189307e-01  -7.9457829e-01   3.5135824e-01  -7.9458092e-01   4.0153010e-01  -7.9456931e-01
   1.7687541e-01   2.5743181e-01   3.3108243e-01  -8.2890498e-02  -2.4235465e-01  -3.1987244e-01   8.4660087e-01   1.3984568e-01   4.5844143e-01   9.7538476e-02   3.9960282e-01  -7.4169306e-01   7.9202141e-01  -7.6943185e-01  -9.0669281e-01   1.0000000e+00   8.1789713e-01   7.5631426e-01   8.2777240e-01   5.6427619e-01   5.7083203e-01  -2.3893633e-01   5.2079278e-01   3.1066021e-01  -3.2202476e-01   8.4211037e-01  -3.1593770e-01   8.4211094e-01  -3.4412302e-01   8.4211256e-01
   1.3603380e-01   6.2337319e-02  -2.1365936e-01  -1.1173746e-01   1.5320448e-01   3.6981596e-02   8.1910538e-01   3.4351092e-01  -3.1209332e-02   3.8045305e-01   4.7889219e-02  -6.9206653e-01   6.8880704e-01  -7.4975200e-01  -7.5378202e-01   8.1789713e-01   1.0000000e+00   9.8969716e-01   9.1359045e-01   5.1267361e-01   5.0639726e-01  -2.1003488e-01   4.9673309e-01   4.6176335e-01  -6.2966718e-01   9.3399159e-01  -6.2995849e-01   9.3399128e-01  -6.2332396e-01   9.3399188e-01
   1.5705942e-01   8.3255761e-03  -2.8709890e-01  -1.4407787e-01   2.1007714e-01   1.0349587e-01   7.4901211e-01   3.3586835e-01  -1.1323307e-01   3.7986444e-01   1.5706513e-02  -6.1733684e-01   6.1320865e-01  -6.7023115e-01  -6.7761357e-01   7.5631426e-01   9.8969716e-01   1.0000000e+00   8.7190376e-01   4.6058092e-01   4.5563047e-01  -1.5222521e-01   4.8751407e-01   4.2428498e-01  -6.1188499e-01   8.9272453e-01  -6.1364543e-01   8.9272366e-01  -5.9973914e-01   8.9272674e-01
  -1.3955856e-02   3.1495880e-01  -5.0292727e-02   8.8472448e-02  -9.5010427e-02  -1.8874787e-01   8.7382774e-01   4.3923142e-01   1.7525083e-01   4.3620272e-01   8.6256512e-02  -7.1474205e-01   7.8545624e-01  -7.3492741e-01  -8.2247520e-01   8.2777240e-01   9.1359045e-01   8.7190376e-01   1.0000000e+00   5.6200734e-01   5.6205071e-01  -4.6762943e-01   3.5049816e-01   4.4706154e-01  -6.3181196e-01   9.8071938e-01  -6.3255917e-01   9.8071880e-01  -6.2371595e-01   9.8072254e-01
  -1.6575495e-01   1.9048746e-01   1.2204225e-01   2.9100268e-01  -3.8889852e-01  -5.2329559e-01   8.0417448e-01   7.9045260e-02   2.2784381e-01   8.8203828e-02  -7.4930846e-02  -8.4719730e-01   8.3601643e-01  -7.8116081e-01  -7.1102564e-01   5.6427619e-01   5.1267361e-01   4.6058092e-01   5.6200734e-01   1.0000000e+00   9.9629149e-01  -9.3769919e-02   4.6172089e-01   7.0631640e-01  -3.4996607e-01   5.5021400e-01  -3.2844494e-01   5.5022237e-01  -4.3430952e-01   5.5017738e-01
  -1.4852080e-01   1.6144245e-01   1.4704531e-01   2.7853717e-01  -3.9585699e-01  -5.2050859e-01   7.9882755e-01   2.5088392e-02   2.3128288e-01   3.0521527e-02  -6.1448333e-02  -8.4132374e-01   8.2951723e-01  -7.6177913e-01  -7.1386833e-01   5.7083203e-01   5.0639726e-01   4.5563047e-01   5.6205071e-01   9.9629149e-01   1.0000000e+00  -9.8137792e-02   4.6093652e-01   6.4473107e-01  -2.8962867e-01   5.4230407e-01  -2.6872447e-01   5.4231172e-01  -3.7200036e-01   5.4227134e-01
   3.4700221e-01  -6.1315565e-01  -2.6103971e-01  -6.8036812e-01   3.8678155e-01   3.9551573e-01  -2.3562463e-01  -4.7399634e-01  -4.1275898e-01  -3.9904167e-01   4.5286076e-02   6.4423432e-02  -2.1367653e-01   8.1868715e-02   2.1695588e-01  -2.3893633e-01  -2.1003488e-01  -1.5222521e-01  -4.6762943e-01  -9.3769919e-02  -9.8137792e-02   1.0000000e+00   5.7090279e-01  -9.9084865e-02   3.1749920e-01  -4.2070380e-01   3.2486329e-01  -4.2070137e-01   2.8513265e-01  -4.2071570e-01
   4.7640965e-01  -3.8030839e-01  -1.0300472e-01  -6.9627497e-01   1.6854622e-01   1.0885125e-01   6.1216845e-01  -3.2420116e-01  -1.3325157e-01  -2.4421930e-01   1.1096667e-01  -6.5623236e-01   6.1905815e-01  -6.1192808e-01  -6.1888416e-01   5.2079278e-01   4.9673309e-01   4.8751407e-01   3.5049816e-01   4.6172089e-01   4.6093652e-01   5.7090279e-01   1.0000000e+00   2.7782443e-01  -9.8792634e-02   3.3306974e-01  -8.7294106e-02   3.3307309e-01  -1.4420044e-01   3.3305627e-01
  -2.5543576e-01   3.4503629e-01  -2.3648995e-01   3.3305341e-01  -1.3251777e-01  -3.0567239e-01   6.0457770e-01   5.5761605e-01   2.7525094e-02   6.0418785e-01  -2.3737151e-01  -6.1740280e-01   6.1692585e-01  -6.8545222e-01  -4.5061371e-01   3.1066021e-01   4.6176335e-01   4.2428498e-01   4.4706154e-01   7.0631640e-01   6.4473107e-01  -9.9084865e-02   2.7782443e-01   1.0000000e+00  -8.0585082e-01   4.9642474e-01  -7.8884622e-01   4.9643550e-01  -8.6787065e-01   4.9637090e-01
   2.4242095e-01  -3.9737531e-01   4.5724787e-01  -2.5822825e-01  -1.1734713e-01   2.3687460e-02  -5.2382394e-01  -8.3337162e-01   1.1233590e-01  -8.8297450e-01   1.7404065e-01   4.1386596e-01  -4.4683394e-01   5.4741584e-01   3.6189307e-01  -3.2202476e-01  -6.2966718e-01  -6.1188499e-01  -6.3181196e-01  -3.4996607e-01  -2.8962867e-01   3.1749920e-01  -9.8792634e-02  -8.0585082e-01   1.0000000e+00  -6.8435459e-01   9.9958898e-01  -6.8435944e-01   9.9324444e-01  -6.8432658e-01
  -4.5628697e-02   3.3222518e-01  -7.3893564e-02   1.0961608e-01  -4.9820573e-02  -1.6304665e-01   8.5073897e-01   5.1161482e-01   1.7486225e-01   5.0758632e-01   1.3660048e-01  -7.0861248e-01   7.4023652e-01  -7.6732474e-01  -7.9457829e-01   8.4211037e-01   9.3399159e-01   8.9272453e-01   9.8071938e-01   5.5021400e-01   5.4230407e-01  -4.2070380e-01   3.3306974e-01   4.9642474e-01  -6.8435459e-01   1.0000000e+00  -6.8459533e-01   1.0000000e+00  -6.7793594e-01   1.0000000e+00
   2.3927701e-01  -3.9423026e-01   4.6634313e-01  -2.5306641e-01  -1.3030031e-01   7.7483817e-03  -5.1258777e-01  -8.3845632e-01   1.2131087e-01  -8.8805315e-01   1.7263692e-01   3.9809648e-01  -4.3211756e-01   5.3340534e-01   3.5135824e-01  -3.1593770e-01  -6.2995849e-01  -6.1364543e-01  -6.3255917e-01  -3.2844494e-01  -2.6872447e-01   3.2486329e-01  -8.7294106e-02  -7.8884622e-01   9.9958898e-01  -6.8459533e-01   1.0000000e+00  -6.8459985e-01   9.8950989e-01  -6.8456880e-01
  -4.5632524e-02   3.3222891e-01  -7.3892485e-02   1.0962012e-01  -4.9825391e-02  -1.6305314e-01   8.5074293e-01   5.1161748e-01   1.7486497e-01   5.0758934e-01   1.3659896e-01  -7.0861782e-01   7.4024189e-01  -7.6733042e-01  -7.9458092e-01   8.4211094e-01   9.3399128e-01   8.9272366e-01   9.8071880e-01   5.5022237e-01   5.4231172e-01  -4.2070137e-01   3.3307309e-01   4.9643550e-01  -6.8435944e-01   1.0000000e+00  -6.8459985e-01   1.0000000e+00  -6.7794209e-01   1.0000000e+00
   2.5396532e-01  -4.0710964e-01   4.1650207e-01  -2.7742103e-01  -6.3702854e-02   8.8282839e-02  -5.6495031e-01  -8.0615643e-01   7.4819748e-02  -8.5528261e-01   1.7812517e-01   4.7428189e-01  -5.0259453e-01   5.9964063e-01   4.0153010e-01  -3.4412302e-01  -6.2332396e-01  -5.9973914e-01  -6.2371595e-01  -4.3430952e-01  -3.7200036e-01   2.8513265e-01  -1.4420044e-01  -8.6787065e-01   9.9324444e-01  -6.7793594e-01   9.8950989e-01  -6.7794209e-01   1.0000000e+00  -6.7790221e-01
  -4.5612272e-02   3.3221159e-01  -7.3887963e-02   1.0959751e-01  -4.9806560e-02  -1.6302389e-01   8.5072229e-01   5.1159894e-01   1.7485922e-01   5.0756767e-01   1.3661675e-01  -7.0858821e-01   7.4021410e-01  -7.6729871e-01  -7.9456931e-01   8.4211256e-01   9.3399188e-01   8.9272674e-01   9.8072254e-01   5.5017738e-01   5.4227134e-01  -4.2071570e-01   3.3305627e-01   4.9637090e-01  -6.8432658e-01   1.0000000e+00  -6.8456880e-01   1.0000000e+00  -6.7790221e-01   1.0000000e+00
