   1.0000000e+00   9.8418165e-01  -5.5328481e-01   7.6042683e-01   3.4535238e-01   4.3766586e-01   5.4554968e-01   8.3378471e-01   9.9827609e-01   9.2104091e-01   5.6900053e-01   7.7597776e-01   6.7122070e-01   9.0681469e-01  -2.2114734e-01   7.4754354e-01   3.1297984e-01   5.1486107e-01   8.3209341e-01  -7.5935843e-02  -2.0633027e-02
   9.8418165e-01   1.0000000e+00  -4.2122637e-01   7.7523240e-01   4.8346586e-01   5.6485096e-01   6.0785537e-01   8.5483589e-01   9.8649515e-01   9.0087500e-01   5.8454070e-01   7.3588767e-01   6.0461185e-01   8.7673045e-01  -2.6658554e-01   7.5072729e-01   1.9150313e-01   5.1705822e-01   8.1095473e-01  -1.1455022e-01  -1.9106411e-02
  -5.5328481e-01  -4.2122637e-01   1.0000000e+00  -2.5988445e-01   5.3897112e-01   4.2706901e-01  -7.0422823e-02  -2.6666652e-01  -5.4814476e-01  -5.7989169e-01  -1.5000100e-01  -5.1195595e-01  -6.1123208e-01  -5.6635022e-01  -4.6347231e-02  -4.1693402e-01  -5.2693324e-01  -3.8630516e-01  -5.3729072e-01  -2.1394556e-01  -9.4041353e-02
   7.6042683e-01   7.7523240e-01  -2.5988445e-01   1.0000000e+00   4.4259256e-01   5.0572854e-01   6.6760053e-01   9.4676328e-01   7.6515336e-01   6.6896291e-01   5.1284219e-01   5.4844499e-01   3.6700724e-01   6.8279980e-01  -2.5037941e-01   6.4056012e-01   2.9370994e-01   4.9140233e-01   7.3883562e-01  -1.4739326e-01   3.2985909e-01
   3.4535238e-01   4.8346586e-01   5.3897112e-01   4.4259256e-01   1.0000000e+00   9.6330384e-01   4.7018046e-01   5.0045955e-01   3.5685043e-01   2.8177123e-01   3.1173473e-01   1.1656658e-01  -7.0759503e-02   2.3145836e-01  -3.0108183e-01   2.4528500e-01  -2.8791880e-01   2.5512685e-02   1.8303680e-01  -3.4003442e-01  -1.2194699e-01
   4.3766586e-01   5.6485096e-01   4.2706901e-01   5.0572854e-01   9.6330384e-01   1.0000000e+00   5.0678694e-01   5.9279979e-01   4.5053919e-01   3.9887688e-01   3.0094411e-01   1.2532565e-01  -3.3685434e-02   2.8901100e-01  -3.7507760e-01   3.5752279e-01  -2.4361126e-01   1.2641247e-01   2.9010532e-01  -3.0824270e-01  -2.2756140e-01
   5.4554968e-01   6.0785537e-01  -7.0422823e-02   6.6760053e-01   4.7018046e-01   5.0678694e-01   1.0000000e+00   6.4708335e-01   5.6813615e-01   5.6058947e-01   2.5195454e-01   4.3595548e-01   4.1133598e-01   5.3276352e-01  -6.0504839e-02   6.9431364e-01  -1.7693983e-01   5.8291705e-01   5.5241391e-01  -2.3022343e-01   2.0297942e-01
   8.3378471e-01   8.5483589e-01  -2.6666652e-01   9.4676328e-01   5.0045955e-01   5.9279979e-01   6.4708335e-01   1.0000000e+00   8.4003918e-01   7.3440312e-01   5.6768199e-01   6.2292821e-01   4.3912845e-01   7.5299306e-01  -2.2600431e-01   7.0114169e-01   2.5485254e-01   5.4928772e-01   8.3794102e-01  -1.0295999e-01   2.3460118e-01
   9.9827609e-01   9.8649515e-01  -5.4814476e-01   7.6515336e-01   3.5685043e-01   4.5053919e-01   5.6813615e-01   8.4003918e-01   1.0000000e+00   9.1875116e-01   5.7828121e-01   7.8300840e-01   6.7028133e-01   9.1225076e-01  -2.0847886e-01   7.5841468e-01   2.9721358e-01   5.2847474e-01   8.3549594e-01  -7.3737558e-02  -9.0631084e-03
   9.2104091e-01   9.0087500e-01  -5.7989169e-01   6.6896291e-01   2.8177123e-01   3.9887688e-01   5.6058947e-01   7.3440312e-01   9.1875116e-01   1.0000000e+00   2.0942732e-01   6.1919347e-01   7.2298122e-01   8.6624445e-01  -1.3338354e-01   8.5618660e-01   1.6373970e-01   6.3538635e-01   8.4243339e-01   2.5800036e-02  -7.7543437e-02
   5.6900053e-01   5.8454070e-01  -1.5000100e-01   5.1284219e-01   3.1173473e-01   3.0094411e-01   2.5195454e-01   5.6768199e-01   5.7828121e-01   2.0942732e-01   1.0000000e+00   6.5547429e-01   1.6130940e-01   4.6668118e-01  -2.4506101e-01   1.1494791e-01   3.8311482e-01   4.8600232e-03   3.3544031e-01  -2.2733290e-01   1.4892472e-01
   7.7597776e-01   7.3588767e-01  -5.1195595e-01   5.4844499e-01   1.1656658e-01   1.2532565e-01   4.3595548e-01   6.2292821e-01   7.8300840e-01   6.1919347e-01   6.5547429e-01   1.0000000e+00   8.4089304e-01   9.1353647e-01   2.9153561e-01   5.9103513e-01   3.8128240e-01   4.8969609e-01   7.1045820e-01   2.9548005e-02   1.4640516e-01
   6.7122070e-01   6.0461185e-01  -6.1123208e-01   3.6700724e-01  -7.0759503e-02  -3.3685434e-02   4.1133598e-01   4.3912845e-01   6.7028133e-01   7.2298122e-01   1.6130940e-01   8.4089304e-01   1.0000000e+00   8.7792098e-01   4.7782476e-01   7.1278665e-01   2.1830616e-01   6.3341831e-01   7.3016793e-01   1.8779353e-01   4.5719143e-02
   9.0681469e-01   8.7673045e-01  -5.6635022e-01   6.8279980e-01   2.3145836e-01   2.8901100e-01   5.3276352e-01   7.5299306e-01   9.1225076e-01   8.6624445e-01   4.6668118e-01   9.1353647e-01   8.7792098e-01   1.0000000e+00   1.7727301e-01   7.9100183e-01   2.9068536e-01   6.3368104e-01   8.5802457e-01   6.7333336e-02   8.2616866e-02
  -2.2114734e-01  -2.6658554e-01  -4.6347231e-02  -2.5037941e-01  -3.0108183e-01  -3.7507760e-01  -6.0504839e-02  -2.2600431e-01  -2.0847886e-01  -1.3338354e-01  -2.4506101e-01   2.9153561e-01   4.7782476e-01   1.7727301e-01   1.0000000e+00   4.7907596e-02   1.0963356e-02   2.1077130e-01   4.4621732e-02   4.4627596e-01   1.4541157e-01
   7.4754354e-01   7.5072729e-01  -4.1693402e-01   6.4056012e-01   2.4528500e-01   3.5752279e-01   6.9431364e-01   7.0114169e-01   7.5841468e-01   8.5618660e-01   1.1494791e-01   5.9103513e-01   7.1278665e-01   7.9100183e-01   4.7907596e-02   1.0000000e+00   2.3078031e-02   8.9661044e-01   8.5684650e-01   1.4220989e-01   9.5900213e-02
   3.1297984e-01   1.9150313e-01  -5.2693324e-01   2.9370994e-01  -2.8791880e-01  -2.4361126e-01  -1.7693983e-01   2.5485254e-01   2.9721358e-01   1.6373970e-01   3.8311482e-01   3.8128240e-01   2.1830616e-01   2.9068536e-01   1.0963356e-02   2.3078031e-02   1.0000000e+00  -8.9519789e-03   2.3778434e-01   1.4930209e-01  -9.2720839e-02
   5.1486107e-01   5.1705822e-01  -3.8630516e-01   4.9140233e-01   2.5512685e-02   1.2641247e-01   5.8291705e-01   5.4928772e-01   5.2847474e-01   6.3538635e-01   4.8600232e-03   4.8969609e-01   6.3341831e-01   6.3368104e-01   2.1077130e-01   8.9661044e-01  -8.9519789e-03   1.0000000e+00   7.9625027e-01   4.0044225e-01   2.1935840e-01
   8.3209341e-01   8.1095473e-01  -5.3729072e-01   7.3883562e-01   1.8303680e-01   2.9010532e-01   5.5241391e-01   8.3794102e-01   8.3549594e-01   8.4243339e-01   3.3544031e-01   7.1045820e-01   7.3016793e-01   8.5802457e-01   4.4621732e-02   8.5684650e-01   2.3778434e-01   7.9625027e-01   1.0000000e+00   1.7874413e-01   2.1316258e-01
  -7.5935843e-02  -1.1455022e-01  -2.1394556e-01  -1.4739326e-01  -3.4003442e-01  -3.0824270e-01  -2.3022343e-01  -1.0295999e-01  -7.3737558e-02   2.5800036e-02  -2.2733290e-01   2.9548005e-02   1.8779353e-01   6.7333336e-02   4.4627596e-01   1.4220989e-01   1.4930209e-01   4.0044225e-01   1.7874413e-01   1.0000000e+00   5.0663095e-02
  -2.0633027e-02  -1.9106411e-02  -9.4041353e-02   3.2985909e-01  -1.2194699e-01  -2.2756140e-01   2.0297942e-01   2.3460118e-01  -9.0631084e-03  -7.7543437e-02   1.4892472e-01   1.4640516e-01   4.5719143e-02   8.2616866e-02   1.4541157e-01   9.5900213e-02  -9.2720839e-02   2.1935840e-01   2.1316258e-01   5.0663095e-02   1.0000000e+00
