   1.0000000e+00  -7.3063621e-01  -3.9960113e-01  -9.5250632e-01   6.8782403e-01   5.9077272e-01  -7.6255258e-01  -5.7060285e-01  -7.0516438e-01  -6.0811656e-01  -3.1994560e-01   6.6660317e-01  -7.8651249e-01   5.2883757e-01   8.2999097e-01  -1.7498659e-01  -3.0323052e-01  -2.7021832e-01   4.3716728e-02  -5.2931169e-01  -5.2914097e-01   6.9872560e-01   4.9244040e-01  -1.2804415e-01   6.7690820e-01  -1.0136928e-01   6.7842274e-01  -1.0136925e-01   6.6541593e-01  -1.0136923e-01
  -7.3063621e-01   1.0000000e+00   3.3536992e-01   7.5058794e-01  -7.0800910e-01  -4.4282475e-01   6.2415976e-01   7.3283312e-01   6.7785264e-01   4.5873557e-01   6.4525311e-01  -4.5220083e-01   7.7003434e-01  -3.5467369e-01  -6.8285256e-01   6.6900828e-02  -3.6195301e-02   7.0662205e-02   1.4016356e-01   2.8927197e-01   2.8761927e-01  -5.6893536e-01  -5.4763903e-01   4.0971672e-01  -5.7487842e-01   2.5835168e-01  -5.7414465e-01   2.5835137e-01  -5.7994517e-01   2.5835109e-01
  -3.9960113e-01   3.3536992e-01   1.0000000e+00   5.8291845e-01  -7.8225817e-01  -7.7599394e-01   6.7943336e-01  -2.0476932e-01   7.9813071e-01  -1.5301543e-03  -1.4375773e-01  -6.4191726e-01   6.1619783e-01  -6.6041060e-01  -5.9933904e-01  -1.3682555e-01   2.4357096e-01   8.9398215e-03  -5.3292506e-01   5.1652771e-01   5.1445549e-01  -5.0281808e-01   8.0087531e-02   4.2075995e-01  -4.1338491e-01  -4.1331964e-01  -4.1175768e-01  -4.1331997e-01  -4.2488022e-01  -4.1332038e-01
  -9.5250632e-01   7.5058794e-01   5.8291845e-01   1.0000000e+00  -8.3975733e-01  -7.6780063e-01   8.6892036e-01   4.9888694e-01   8.0559353e-01   5.1411878e-01   2.4375075e-01  -8.1365061e-01   8.7114048e-01  -7.0885840e-01  -9.0742967e-01   1.6674437e-01   3.1582380e-01   2.4685405e-01  -1.0349887e-01   6.7512609e-01   6.7447404e-01  -6.8174474e-01  -3.3124600e-01   2.0942919e-01  -6.9755628e-01   4.3409230e-02  -6.9850330e-01   4.3409129e-02  -6.9000513e-01   4.3409075e-02
   6.8782403e-01  -7.0800910e-01  -7.8225817e-01  -8.3975733e-01   1.0000000e+00   9.1765864e-01  -9.0362269e-01  -2.5165225e-01  -8.6487969e-01  -1.5632153e-01  -2.5814985e-01   7.9127389e-01  -8.5892840e-01   8.0165247e-01   8.1958308e-01  -1.4375212e-01  -2.0477316e-01  -1.2526901e-01   9.4782542e-02  -6.7073992e-01  -6.6886166e-01   5.7989361e-01   9.0178594e-02  -3.9744034e-01   4.9001691e-01  -3.1772126e-02   4.8880784e-01  -3.1771824e-02   4.9791379e-01  -3.1771404e-02
   5.9077272e-01  -4.4282475e-01  -7.7599394e-01  -7.6780063e-01   9.1765864e-01   1.0000000e+00  -8.3198855e-01  -1.2225118e-01  -7.8215705e-01  -7.4688119e-02  -5.7710011e-02   8.5183838e-01  -7.2028044e-01   8.8341647e-01   7.0425383e-01  -8.0498102e-02  -2.2059733e-01  -6.2731703e-02   1.9118215e-01  -8.1276319e-01  -8.1207238e-01   4.1110808e-01  -1.8496165e-01  -1.4423289e-01   3.2866359e-01   9.0471883e-02   3.2864899e-01   9.0471948e-02   3.2772286e-01   9.0472042e-02
  -7.6255258e-01   6.2415976e-01   6.7943336e-01   8.6892036e-01  -9.0362269e-01  -8.3198855e-01   1.0000000e+00   2.4056128e-01   8.3164684e-01   1.8986737e-01   1.0074394e-01  -7.4864424e-01   8.8019110e-01  -7.8806308e-01  -9.4938380e-01   4.4364161e-01   4.5205400e-01   3.5992010e-01   3.6744515e-02   5.8306665e-01   5.8158807e-01  -7.1944990e-01  -2.3592559e-01   2.9729452e-01  -5.2708512e-01   2.1141355e-01  -5.2648863e-01   2.1141331e-01  -5.3069615e-01   2.1141290e-01
  -5.7060285e-01   7.3283312e-01  -2.0476932e-01   4.9888694e-01  -2.5165225e-01  -1.2225118e-01   2.4056128e-01   1.0000000e+00   2.9617967e-01   5.4808971e-01   6.6569832e-01  -1.7889972e-01   3.7795776e-01  -1.6309628e-02  -3.3065965e-01   6.0684654e-02  -1.5091952e-01  -2.1442465e-03   3.3614638e-01   1.3638803e-01   1.3788216e-01  -2.6428035e-01  -5.0085812e-01  -2.3040907e-01  -2.7823650e-01   4.1388849e-01  -2.8083372e-01   4.1388875e-01  -2.5861706e-01   4.1388928e-01
  -7.0516438e-01   6.7785264e-01   7.9813071e-01   8.0559353e-01  -8.6487969e-01  -7.8215705e-01   8.3164684e-01   2.9617967e-01   1.0000000e+00   2.9624478e-01   1.6319844e-01  -6.1300674e-01   7.6500053e-01  -5.7189413e-01  -7.8113685e-01   3.5889605e-02   2.0869844e-01   3.3861156e-02  -2.6548469e-01   4.2087855e-01   4.1957948e-01  -7.9313092e-01  -3.4144268e-01   2.9487170e-01  -5.1935812e-01  -7.9769133e-02  -5.1896796e-01  -7.9769353e-02  -5.2174904e-01  -7.9769472e-02
  -6.0811656e-01   4.5873557e-01  -1.5301543e-03   5.1411878e-01  -1.5632153e-01  -7.4688119e-02   1.8986737e-01   5.4808971e-01   2.9624478e-01   1.0000000e+00   1.6517456e-01  -2.6876528e-01   3.8962042e-01   9.4689514e-03  -3.6864741e-01  -2.5650601e-01  -1.1885130e-01  -1.4208651e-01  -2.3615253e-01   1.4968216e-01   1.5053255e-01  -4.4622704e-01  -4.6591524e-01  -5.2689137e-02  -5.7800810e-01  -1.6959674e-01  -5.8064685e-01  -1.6959661e-01  -5.5936248e-01  -1.6959624e-01
  -3.1994560e-01   6.4525311e-01  -1.4375773e-01   2.4375075e-01  -2.5814985e-01  -5.7710011e-02   1.0074394e-01   6.6569832e-01   1.6319844e-01   1.6517456e-01   1.0000000e+00   2.5275044e-02   2.3899481e-01   6.9564633e-02  -7.1006609e-02  -3.7673899e-03  -2.2549060e-01   3.1378579e-02   4.6467153e-01  -1.2274855e-02  -1.2259082e-02  -7.5802613e-02  -3.8424447e-01   3.4633539e-02  -3.6663619e-02   4.5111213e-01  -3.6687275e-02   4.5111213e-01  -3.5761053e-02   4.5111203e-01
   6.6660317e-01  -4.5220083e-01  -6.4191726e-01  -8.1365061e-01   7.9127389e-01   8.5183838e-01  -7.4864424e-01  -1.7889972e-01  -6.1300674e-01  -2.6876528e-01   2.5275044e-02   1.0000000e+00  -7.7295462e-01   9.0426649e-01   7.6546056e-01  -1.6047127e-02  -2.0042713e-01  -1.1888669e-01   2.1738654e-01  -9.3974118e-01  -9.3889250e-01   3.5732856e-01  -2.4420925e-01  -2.0349274e-01   6.5098947e-01   2.0071278e-01   6.5151920e-01   2.0071286e-01   6.4554905e-01   2.0071311e-01
  -7.8651249e-01   7.7003434e-01   6.1619783e-01   8.7114048e-01  -8.5892840e-01  -7.2028044e-01   8.8019110e-01   3.7795776e-01   7.6500053e-01   3.8962042e-01   2.3899481e-01  -7.7295462e-01   1.0000000e+00  -6.9859673e-01  -9.2493816e-01   1.7801625e-01   1.3900140e-01   1.5367453e-01   3.0577360e-02   5.9861968e-01   5.9686589e-01  -6.5685190e-01  -2.4461946e-01   3.7714556e-01  -6.7960883e-01   1.2951431e-01  -6.7907916e-01   1.2951400e-01  -6.8321973e-01   1.2951350e-01
   5.2883757e-01  -3.5467369e-01  -6.6041060e-01  -7.0885840e-01   8.0165247e-01   8.8341647e-01  -7.8806308e-01  -1.6309628e-02  -5.7189413e-01   9.4689514e-03   6.9564633e-02   9.0426649e-01  -6.9859673e-01   1.0000000e+00   7.1582598e-01  -2.3068914e-01  -3.5044254e-01  -2.8498686e-01   7.2085272e-02  -8.9771196e-01  -8.9647771e-01   2.2558760e-01  -3.2773960e-01  -2.5374602e-01   3.8914397e-01   3.1295244e-02   3.8861452e-01   3.1295417e-02   3.9219317e-01   3.1295753e-02
   8.2999097e-01  -6.8285256e-01  -5.9933904e-01  -9.0742967e-01   8.1958308e-01   7.0425383e-01  -9.4938380e-01  -3.3065965e-01  -7.8113685e-01  -3.6864741e-01  -7.1006609e-02   7.6546056e-01  -9.2493816e-01   7.1582598e-01   1.0000000e+00  -3.9797758e-01  -4.0838086e-01  -3.5204134e-01  -2.2585658e-02  -5.6071868e-01  -5.5914688e-01   7.6383966e-01   3.3213218e-01  -3.4044411e-01   7.2678639e-01  -1.7789438e-01   7.2656479e-01  -1.7789410e-01   7.2782481e-01  -1.7789370e-01
  -1.7498659e-01   6.6900828e-02  -1.3682555e-01   1.6674437e-01  -1.4375212e-01  -8.0498102e-02   4.4364161e-01   6.0684654e-02   3.5889605e-02  -2.5650601e-01  -3.7673899e-03  -1.6047127e-02   1.7801625e-01  -2.3068914e-01  -3.9797758e-01   1.0000000e+00   6.6251875e-01   7.5691095e-01   6.6843938e-01  -3.2685349e-02  -3.2982887e-02  -2.2868543e-01  -2.4978933e-01  -1.2451123e-02   2.3536822e-02   7.7674953e-01   2.4026105e-02   7.7674944e-01   2.0265997e-02   7.7674920e-01
  -3.0323052e-01  -3.6195301e-02   2.4357096e-01   3.1582380e-01  -2.0477316e-01  -2.2059733e-01   4.5205400e-01  -1.5091952e-01   2.0869844e-01  -1.1885130e-01  -2.2549060e-01  -2.0042713e-01   1.3900140e-01  -3.5044254e-01  -4.0838086e-01   6.6251875e-01   1.0000000e+00   9.0442138e-01   7.2340610e-03   1.2897233e-01   1.2880827e-01  -3.5468540e-01  -1.9093541e-01   2.3054843e-02  -1.6907478e-01   1.4691693e-01  -1.6921129e-01   1.4691692e-01  -1.6719077e-01   1.4691681e-01
  -2.7021832e-01   7.0662205e-02   8.9398215e-03   2.4685405e-01  -1.2526901e-01  -6.2731703e-02   3.5992010e-01  -2.1442465e-03   3.3861156e-02  -1.4208651e-01   3.1378579e-02  -1.1888669e-01   1.5367453e-01  -2.8498686e-01  -3.5204134e-01   7.5691095e-01   9.0442138e-01   1.0000000e+00   3.3469803e-01   8.1193612e-02   8.0835703e-02  -2.0481428e-01  -2.2025098e-01   5.7517649e-02  -1.4846787e-01   3.9996409e-01  -1.4830095e-01   3.9996402e-01  -1.4891235e-01   3.9996374e-01
   4.3716728e-02   1.4016356e-01  -5.3292506e-01  -1.0349887e-01   9.4782542e-02   1.9118215e-01   3.6744515e-02   3.3614638e-01  -2.6548469e-01  -2.3615253e-01   4.6467153e-01   2.1738654e-01   3.0577360e-02   7.2085272e-02  -2.2585658e-02   6.6843938e-01   7.2340610e-03   3.3469803e-01   1.0000000e+00  -1.5522637e-01  -1.5480887e-01   1.7155141e-01  -1.5075304e-01  -1.5365763e-01   2.3628101e-01   9.4828256e-01   2.3631424e-01   9.4828258e-01   2.3575409e-01   9.4828249e-01
  -5.2931169e-01   2.8927197e-01   5.1652771e-01   6.7512609e-01  -6.7073992e-01  -8.1276319e-01   5.8306665e-01   1.3638803e-01   4.2087855e-01   1.4968216e-01  -1.2274855e-02  -9.3974118e-01   5.9861968e-01  -8.9771196e-01  -5.6071868e-01  -3.2685349e-02   1.2897233e-01   8.1193612e-02  -1.5522637e-01   1.0000000e+00   9.9998846e-01  -5.5056386e-02   4.5960612e-01   3.0871403e-02  -4.1831100e-01  -1.8646206e-01  -4.1941450e-01  -1.8646198e-01  -4.0883178e-01  -1.8646203e-01
  -5.2914097e-01   2.8761927e-01   5.1445549e-01   6.7447404e-01  -6.6886166e-01  -8.1207238e-01   5.8158807e-01   1.3788216e-01   4.1957948e-01   1.5053255e-01  -1.2259082e-02  -9.3889250e-01   5.9686589e-01  -8.9647771e-01  -5.5914688e-01  -3.2982887e-02   1.2880827e-01   8.0835703e-02  -1.5480887e-01   9.9998846e-01   1.0000000e+00  -5.3743897e-02   4.6014366e-01   2.6162258e-02  -4.1646422e-01  -1.8608712e-01  -4.1759320e-01  -1.8608704e-01  -4.0679593e-01  -1.8608708e-01
   6.9872560e-01  -5.6893536e-01  -5.0281808e-01  -6.8174474e-01   5.7989361e-01   4.1110808e-01  -7.1944990e-01  -2.6428035e-01  -7.9313092e-01  -4.4622704e-01  -7.5802613e-02   3.5732856e-01  -6.5685190e-01   2.2558760e-01   7.6383966e-01  -2.2868543e-01  -3.5468540e-01  -2.0481428e-01   1.7155141e-01  -5.5056386e-02  -5.3743897e-02   1.0000000e+00   6.7329935e-01  -2.9166286e-01   6.4509252e-01  -2.7978629e-02   6.4487268e-01  -2.7978388e-02   6.4611454e-01  -2.7978087e-02
   4.9244040e-01  -5.4763903e-01   8.0087531e-02  -3.3124600e-01   9.0178594e-02  -1.8496165e-01  -2.3592559e-01  -5.0085812e-01  -3.4144268e-01  -4.6591524e-01  -3.8424447e-01  -2.4420925e-01  -2.4461946e-01  -3.2773960e-01   3.3213218e-01  -2.4978933e-01  -1.9093541e-01  -2.2025098e-01  -1.5075304e-01   4.5960612e-01   4.6014366e-01   6.7329935e-01   1.0000000e+00  -1.8157460e-01   3.0654626e-01  -3.4409508e-01   3.0659531e-01  -3.4409489e-01   3.0729603e-01  -3.4409495e-01
  -1.2804415e-01   4.0971672e-01   4.2075995e-01   2.0942919e-01  -3.9744034e-01  -1.4423289e-01   2.9729452e-01  -2.3040907e-01   2.9487170e-01  -5.2689137e-02   3.4633539e-02  -2.0349274e-01   3.7714556e-01  -2.5374602e-01  -3.4044411e-01  -1.2451123e-02   2.3054843e-02   5.7517649e-02  -1.5365763e-01   3.0871403e-02   2.6162258e-02  -2.9166286e-01  -1.8157460e-01   1.0000000e+00  -4.4776921e-01  -1.3552394e-01  -4.4278575e-01  -1.3552483e-01  -4.8506525e-01  -1.3552586e-01
   6.7690820e-01  -5.7487842e-01  -4.1338491e-01  -6.9755628e-01   4.9001691e-01   3.2866359e-01  -5.2708512e-01  -2.7823650e-01  -5.1935812e-01  -5.7800810e-01  -3.6663619e-02   6.5098947e-01  -6.7960883e-01   3.8914397e-01   7.2678639e-01   2.3536822e-02  -1.6907478e-01  -1.4846787e-01   2.3628101e-01  -4.1831100e-01  -4.1646422e-01   6.4509252e-01   3.0654626e-01  -4.4776921e-01   1.0000000e+00   2.0851755e-01   9.9998334e-01   2.0851786e-01   9.9907186e-01   2.0851828e-01
  -1.0136928e-01   2.5835168e-01  -4.1331964e-01   4.3409230e-02  -3.1772126e-02   9.0471883e-02   2.1141355e-01   4.1388849e-01  -7.9769133e-02  -1.6959674e-01   4.5111213e-01   2.0071278e-01   1.2951431e-01   3.1295244e-02  -1.7789438e-01   7.7674953e-01   1.4691693e-01   3.9996409e-01   9.4828256e-01  -1.8646206e-01  -1.8608712e-01  -2.7978629e-02  -3.4409508e-01  -1.3552394e-01   2.0851755e-01   1.0000000e+00   2.0851697e-01   1.0000000e+00   2.0798970e-01   1.0000000e+00
   6.7842274e-01  -5.7414465e-01  -4.1175768e-01  -6.9850330e-01   4.8880784e-01   3.2864899e-01  -5.2648863e-01  -2.8083372e-01  -5.1896796e-01  -5.8064685e-01  -3.6687275e-02   6.5151920e-01  -6.7907916e-01   3.8861452e-01   7.2656479e-01   2.4026105e-02  -1.6921129e-01  -1.4830095e-01   2.3631424e-01  -4.1941450e-01  -4.1759320e-01   6.4487268e-01   3.0659531e-01  -4.4278575e-01   9.9998334e-01   2.0851697e-01   1.0000000e+00   2.0851728e-01   9.9880828e-01   2.0851769e-01
  -1.0136925e-01   2.5835137e-01  -4.1331997e-01   4.3409129e-02  -3.1771824e-02   9.0471948e-02   2.1141331e-01   4.1388875e-01  -7.9769353e-02  -1.6959661e-01   4.5111213e-01   2.0071286e-01   1.2951400e-01   3.1295417e-02  -1.7789410e-01   7.7674944e-01   1.4691692e-01   3.9996402e-01   9.4828258e-01  -1.8646198e-01  -1.8608704e-01  -2.7978388e-02  -3.4409489e-01  -1.3552483e-01   2.0851786e-01   1.0000000e+00   2.0851728e-01   1.0000000e+00   2.0799004e-01   1.0000000e+00
   6.6541593e-01  -5.7994517e-01  -4.2488022e-01  -6.9000513e-01   4.9791379e-01   3.2772286e-01  -5.3069615e-01  -2.5861706e-01  -5.2174904e-01  -5.5936248e-01  -3.5761053e-02   6.4554905e-01  -6.8321973e-01   3.9219317e-01   7.2782481e-01   2.0265997e-02  -1.6719077e-01  -1.4891235e-01   2.3575409e-01  -4.0883178e-01  -4.0679593e-01   6.4611454e-01   3.0729603e-01  -4.8506525e-01   9.9907186e-01   2.0798970e-01   9.9880828e-01   2.0799004e-01   1.0000000e+00   2.0799051e-01
  -1.0136923e-01   2.5835109e-01  -4.1332038e-01   4.3409075e-02  -3.1771404e-02   9.0472042e-02   2.1141290e-01   4.1388928e-01  -7.9769472e-02  -1.6959624e-01   4.5111203e-01   2.0071311e-01   1.2951350e-01   3.1295753e-02  -1.7789370e-01   7.7674920e-01   1.4691681e-01   3.9996374e-01   9.4828249e-01  -1.8646203e-01  -1.8608708e-01  -2.7978087e-02  -3.4409495e-01  -1.3552586e-01   2.0851828e-01   1.0000000e+00   2.0851769e-01   1.0000000e+00   2.0799051e-01   1.0000000e+00
