   1.0000000e+00  -8.3337708e-01   1.4861224e-01  -7.4278018e-01  -2.3768503e-01  -1.0212568e-01   9.7232241e-01   8.2155922e-01   9.5858828e-01   5.6752497e-01
  -8.3337708e-01   1.0000000e+00  -4.7322696e-02   5.9940441e-01   5.6971918e-02   2.2505250e-01  -9.2040679e-01  -4.4559653e-01  -9.3473240e-01  -1.4042517e-01
   1.4861224e-01  -4.7322696e-02   1.0000000e+00  -1.9908414e-01  -1.8069300e-01   2.2137758e-01   1.0664250e-01   1.3266630e-01   9.4351789e-02   2.0477689e-01
  -7.4278018e-01   5.9940441e-01  -1.9908414e-01   1.0000000e+00   5.7200910e-01  -4.6964430e-02  -6.5103243e-01  -4.5531039e-01  -6.2400850e-01  -2.3914158e-01
  -2.3768503e-01   5.6971918e-02  -1.8069300e-01   5.7200910e-01   1.0000000e+00  -5.5954991e-01  -1.4874893e-01  -2.8701511e-01  -1.2920175e-01  -3.6410240e-01
  -1.0212568e-01   2.2505250e-01   2.2137758e-01  -4.6964430e-02  -5.5954991e-01   1.0000000e+00  -1.2912226e-01   1.4663401e-01  -1.5087557e-01   2.9756723e-01
   9.7232241e-01  -9.2040679e-01   1.0664250e-01  -6.5103243e-01  -1.4874893e-01  -1.2912226e-01   1.0000000e+00   7.5401204e-01   9.9717620e-01   4.8322566e-01
   8.2155922e-01  -4.4559653e-01   1.3266630e-01  -4.5531039e-01  -2.8701511e-01   1.4663401e-01   7.5401204e-01   1.0000000e+00   7.2499187e-01   9.1749724e-01
   9.5858828e-01  -9.3473240e-01   9.4351789e-02  -6.2400850e-01  -1.2920175e-01  -1.5087557e-01   9.9717620e-01   7.2499187e-01   1.0000000e+00   4.5132009e-01
   5.6752497e-01  -1.4042517e-01   2.0477689e-01  -2.3914158e-01  -3.6410240e-01   2.9756723e-01   4.8322566e-01   9.1749724e-01   4.5132009e-01   1.0000000e+00
