   9.3704523e-72   2.0834880e-02   1.3283800e-01   8.6585807e-03   1.6402845e-01   1.3495658e-01   5.4393479e-03   1.1635087e-02   4.6624253e-03   1.5672776e-03   9.8138091e-01   3.1653641e-02   5.3810471e-03   1.9110850e-01   5.3949165e-04   3.2571006e-01   4.4669320e-01   8.5740287e-01   1.3580606e-02   2.3065453e-03   9.5667692e-01
   2.0834880e-02   0.0000000e+00   2.5676567e-06   1.7098866e-05   6.4737978e-05   3.2274719e-05   1.3635273e-02   2.6695359e-08   2.3723846e-01   1.6039304e-02   2.8578557e-01   1.7480039e-03   6.7099435e-04   1.3950902e-02   1.5503250e-04   3.0741906e-01   1.7772516e-02   3.5019441e-01   5.3351078e-01   1.8556538e-02   8.6959829e-01
   1.3283800e-01   2.5676567e-06   0.0000000e+00   7.4153891e-04   2.9866122e-05   5.0068004e-05   7.7251350e-02   3.9803999e-05   6.2162861e-01   8.2276238e-02   1.6726202e-01   3.3089702e-03   3.6159981e-03   7.9892562e-03   4.7930648e-03   3.0233623e-01   5.9574254e-03   2.0727654e-01   9.8361331e-01   5.6725904e-02   8.1695547e-01
   8.6585807e-03   1.7098866e-05   7.4153891e-04   0.0000000e+00   3.3007969e-03   1.7250711e-03   4.1878297e-03   5.6796974e-07   1.1158774e-01   6.1354535e-03   4.0089505e-01   1.5235802e-02   8.6214805e-03   9.1797129e-02   1.5557693e-03   1.1393308e-01   5.7960152e-02   2.1362302e-01   2.1125503e-01   2.7967599e-02   6.4067190e-01
   1.6402845e-01   6.4737978e-05   2.9866122e-05   3.3007969e-03   0.0000000e+00   1.0016841e-09   2.8321207e-02   6.9075065e-04   5.3276075e-01   2.2284504e-01   5.4003063e-01   2.2848402e-02   1.0865035e-02   2.6320792e-02   4.8507974e-03   8.6156850e-01   7.3917006e-02   7.8580349e-01   9.8492247e-01   1.2624623e-01   9.1672468e-01
   1.3495658e-01   3.2274719e-05   5.0068004e-05   1.7250711e-03   1.0016841e-09   9.3704523e-72   1.9498049e-02   3.6248639e-04   4.5945231e-01   1.6250751e-01   5.0977344e-01   1.9443309e-02   9.3100956e-03   2.8897865e-02   3.1797410e-03   8.4791302e-01   6.5766417e-02   8.0228607e-01   9.6264216e-01   1.2250246e-01   9.3352532e-01
   5.4393479e-03   1.3635273e-02   7.7251350e-02   4.1878297e-03   2.8321207e-02   1.9498049e-02   0.0000000e+00   1.3881396e-02   1.0665967e-01   7.7868446e-02   9.7838920e-01   9.1099107e-02   3.5618913e-02   2.0499942e-01   1.0796541e-02   9.8447112e-01   6.5573292e-01   6.9076535e-01   2.1134423e-01   3.7630964e-02   6.3069896e-01
   1.1635087e-02   2.6695359e-08   3.9803999e-05   5.6796974e-07   6.9075065e-04   3.6248639e-04   1.3881396e-02   0.0000000e+00   1.5065201e-01   6.1516532e-03   3.1172988e-01   3.6248514e-03   1.6428666e-03   3.3356496e-02   2.3933729e-04   1.5750310e-01   2.4131551e-02   2.4000566e-01   3.2957309e-01   2.0008951e-02   8.5643941e-01
   4.6624253e-03   2.3723846e-01   6.2162861e-01   1.1158774e-01   5.3276075e-01   4.5945231e-01   1.0665967e-01   1.5065201e-01   0.0000000e+00   1.8577116e-02   1.7762697e-01   6.8983536e-01   3.4145451e-01   6.5754321e-01   4.4016555e-02   3.2254647e-01   8.1523516e-01   8.2975004e-01   8.2118768e-05   1.2112823e-01   9.7768563e-01
   1.5672776e-03   1.6039304e-02   8.2276238e-02   6.1354535e-03   2.2284504e-01   1.6250751e-01   7.7868446e-02   6.1516532e-03   1.8577116e-02   0.0000000e+00   2.9697870e-01   2.0725794e-02   1.7452803e-02   2.3230134e-01   3.3520781e-03   6.9608323e-02   5.9424304e-02   2.4310237e-01   6.1726944e-02   1.9308746e-02   5.6763955e-01
   9.8138091e-01   2.8578557e-01   1.6726202e-01   4.0089505e-01   5.4003063e-01   5.0977344e-01   9.7838920e-01   3.1172988e-01   1.7762697e-01   2.9697870e-01   9.3704523e-72   2.8581062e-02   1.8310781e-01   2.5839122e-02   6.0443187e-01   3.9632551e-01   1.9885468e-03   6.2049169e-02   1.5361098e-01   5.5177035e-01   4.0793274e-01
   3.1653641e-02   1.7480039e-03   3.3089702e-03   1.5235802e-02   2.2848402e-02   1.9443309e-02   9.1099107e-02   3.6248514e-03   6.8983536e-01   2.0725794e-02   2.8581062e-02   0.0000000e+00   1.6356208e-06   1.6702996e-05   1.8120794e-03   5.1116072e-01   3.2802934e-03   3.7986694e-01   9.7364218e-01   1.1149932e-02   9.7443150e-01
   5.3810471e-03   6.7099435e-04   3.6159981e-03   8.6214805e-03   1.0865035e-02   9.3100956e-03   3.5618913e-02   1.6428666e-03   3.4145451e-01   1.7452803e-02   1.8310781e-01   1.6356208e-06   0.0000000e+00   2.4901798e-04   5.4032118e-05   6.2135315e-01   2.6072898e-02   6.6014162e-01   6.5593188e-01   3.2055619e-03   7.5171810e-01
   1.9110850e-01   1.3950902e-02   7.9892562e-03   9.1797129e-02   2.6320792e-02   2.8897865e-02   2.0499942e-01   3.3356496e-02   6.5754321e-01   2.3230134e-01   2.5839122e-02   1.6702996e-05   2.4901798e-04   0.0000000e+00   2.5427737e-02   9.6203792e-01   1.0544765e-02   5.7272604e-01   3.9660582e-01   5.3356391e-02   7.6247796e-01
   5.3949165e-04   1.5503250e-04   4.7930648e-03   1.5557693e-03   4.8507974e-03   3.1797410e-03   1.0796541e-02   2.3933729e-04   4.4016555e-02   3.3520781e-03   6.0443187e-01   1.8120794e-03   5.4032118e-05   2.5427737e-02   0.0000000e+00   5.2728557e-01   8.4645207e-02   8.4260652e-01   2.1018886e-01   5.8467035e-03   8.8700804e-01
   3.2571006e-01   3.0741906e-01   3.0233623e-01   1.1393308e-01   8.6156850e-01   8.4791302e-01   9.8447112e-01   1.5750310e-01   3.2254647e-01   6.9608323e-02   3.9632551e-01   5.1116072e-01   6.2135315e-01   9.6203792e-01   5.2728557e-01   2.1202913e-70   1.7441233e-01   1.5881233e-04   1.2284262e-01   4.2193784e-01   4.8498400e-01
   4.4669320e-01   1.7772516e-02   5.9574254e-03   5.7960152e-02   7.3917006e-02   6.5766417e-02   6.5573292e-01   2.4131551e-02   8.1523516e-01   5.9424304e-02   1.9885468e-03   3.2802934e-03   2.6072898e-02   1.0544765e-02   8.4645207e-02   1.7441233e-01   0.0000000e+00   3.5659888e-02   5.0551902e-01   2.4164439e-01   5.4102205e-01
   8.5740287e-01   3.5019441e-01   2.0727654e-01   2.1362302e-01   7.8580349e-01   8.0228607e-01   6.9076535e-01   2.4000566e-01   8.2975004e-01   2.4310237e-01   6.2049169e-02   3.7986694e-01   6.6014162e-01   5.7272604e-01   8.4260652e-01   1.5881233e-04   3.5659888e-02   2.1202913e-70   8.1660462e-01   6.5726833e-01   3.6897576e-01
   1.3580606e-02   5.3351078e-01   9.8361331e-01   2.1125503e-01   9.8492247e-01   9.6264216e-01   2.1134423e-01   3.2957309e-01   8.2118768e-05   6.1726944e-02   1.5361098e-01   9.7364218e-01   6.5593188e-01   3.9660582e-01   2.1018886e-01   1.2284262e-01   5.0551902e-01   8.1660462e-01   0.0000000e+00   2.4428148e-01   8.7838717e-01
   2.3065453e-03   1.8556538e-02   5.6725904e-02   2.7967599e-02   1.2624623e-01   1.2250246e-01   3.7630964e-02   2.0008951e-02   1.2112823e-01   1.9308746e-02   5.5177035e-01   1.1149932e-02   3.2055619e-03   5.3356391e-02   5.8467035e-03   4.2193784e-01   2.4164439e-01   6.5726833e-01   2.4428148e-01   0.0000000e+00   7.1504397e-01
   9.5667692e-01   8.6959829e-01   8.1695547e-01   6.4067190e-01   9.1672468e-01   9.3352532e-01   6.3069896e-01   8.5643941e-01   9.7768563e-01   5.6763955e-01   4.0793274e-01   9.7443150e-01   7.5171810e-01   7.6247796e-01   8.8700804e-01   4.8498400e-01   5.4102205e-01   3.6897576e-01   8.7838717e-01   7.1504397e-01   0.0000000e+00
