   0.0000000e+00   7.4983191e-10   1.6539153e-01   1.3035667e-03   4.5238231e-02   1.4963274e-02   8.3627193e-02   3.3497548e-05   3.7745540e-16   3.6356895e-06   8.3725965e-02   2.3848329e-04   1.8866055e-02   5.5976601e-08   3.8576007e-02   3.2592318e-03   3.2577019e-01   1.8820395e-01   9.2910415e-09   1.9450735e-01   3.5017461e-01
   7.4983191e-10   0.0000000e+00   4.4630787e-01   7.5277713e-04   6.5515056e-03   1.4497328e-03   3.8903819e-02   7.4098552e-06   2.6032849e-10   1.6073547e-05   6.9149579e-02   1.4303846e-03   5.3929623e-02   4.0664736e-06   1.4275043e-02   2.3516828e-03   6.1644102e-01   1.4994847e-01   2.2004732e-07   1.6938909e-01   4.2960830e-01
   1.6539153e-01   4.4630787e-01   0.0000000e+00   6.8462136e-01   6.2563750e-02   1.4686979e-01   6.7814816e-01   7.5321764e-01   1.7859305e-01   8.7975817e-02   7.1675218e-01   1.2542722e-01   2.5027414e-02   7.6392282e-02   4.8100015e-01   4.2788929e-01   3.5855340e-02   8.4263347e-01   1.7826094e-01   9.7716553e-01   5.3579569e-01
   1.3035667e-03   7.5277713e-04   6.8462136e-01   0.0000000e+00   2.7261133e-02   1.2955791e-02   1.7745329e-02   2.2012525e-07   1.1120664e-03   1.7748823e-02   3.2736432e-02   3.8292959e-02   5.1183343e-01   9.2797804e-03   3.6827449e-04   5.1302630e-02   3.8776259e-01   3.6616502e-01   4.3119746e-03   4.4908070e-02   5.8444350e-01
   4.5238231e-02   6.5515056e-03   6.2563750e-02   2.7261133e-02   1.7303476e-93   4.3616500e-09   2.6810286e-02   7.3921024e-03   3.7507345e-02   1.2304699e-01   9.0872128e-02   2.9445740e-01   9.6853481e-01   1.3329584e-01   5.4313053e-03   1.0771276e-01   3.5986387e-01   3.6469402e-01   6.1624319e-02   2.5959989e-01   8.8862215e-01
   1.4963274e-02   1.4497328e-03   1.4686979e-01   1.2955791e-02   4.3616500e-09   0.0000000e+00   1.8566335e-02   1.8660530e-03   1.1152172e-02   4.7733563e-02   8.7906287e-02   2.0414498e-01   8.2506892e-01   5.9009168e-02   4.8854653e-03   3.7956964e-02   4.4641173e-01   2.1108069e-01   2.0768020e-02   3.6930111e-01   5.8547656e-01
   8.3627193e-02   3.8903819e-02   6.7814816e-01   1.7745329e-02   2.6810286e-02   1.8566335e-02   0.0000000e+00   2.1641612e-02   6.6014865e-02   7.0829712e-02   5.5501267e-01   2.1712965e-01   3.1789596e-01   1.0351338e-01   2.3634276e-01   1.0861955e-02   3.8035942e-01   4.0401029e-02   7.0259092e-02   5.7080065e-02   7.2608015e-01
   3.3497548e-05   7.4098552e-06   7.5321764e-01   2.2012525e-07   7.3921024e-03   1.8660530e-03   2.1641612e-02   0.0000000e+00   2.4434844e-05   5.0732157e-03   8.2678158e-03   6.3690186e-03   3.3152431e-01   1.3581685e-03   3.7818237e-04   2.3968830e-02   4.5892672e-01   3.3552297e-01   2.8628171e-04   5.6671922e-02   9.8800185e-01
   3.7745540e-16   2.6032849e-10   1.7859305e-01   1.1120664e-03   3.7507345e-02   1.1152172e-02   6.6014865e-02   2.4434844e-05   0.0000000e+00   3.5917949e-06   8.0532235e-02   3.3480598e-04   2.3438222e-02   1.1045056e-07   3.4188336e-02   2.4527230e-03   3.5702142e-01   1.7372774e-01   1.2946664e-08   1.8494355e-01   3.6565796e-01
   3.6356895e-06   1.6073547e-05   8.7975817e-02   1.7748823e-02   1.2304699e-01   4.7733563e-02   7.0829712e-02   5.0732157e-03   3.5917949e-06   0.0000000e+00   7.4254605e-01   7.8888760e-03   2.0557060e-03   1.9023000e-07   2.4571498e-01   1.3267464e-04   7.1338741e-01   3.1841878e-02   3.9413250e-07   4.5515306e-01   2.0378914e-01
   8.3725965e-02   6.9149579e-02   7.1675218e-01   3.2736432e-02   9.0872128e-02   8.7906287e-02   5.5501267e-01   8.2678158e-03   8.0532235e-02   7.4254605e-01   0.0000000e+00   3.8242679e-02   5.9557729e-01   3.0563367e-01   5.5826285e-03   9.7782846e-01   1.4494498e-01   3.0192329e-01   2.2363276e-01   9.3549089e-02   6.3056570e-01
   2.3848329e-04   1.4303846e-03   1.2542722e-01   3.8292959e-02   2.9445740e-01   2.0414498e-01   2.1712965e-01   6.3690186e-03   3.3480598e-04   7.8888760e-03   3.8242679e-02   2.7036681e-95   3.4558491e-03   7.3674215e-05   3.4154674e-01   3.1255631e-02   9.5785548e-02   3.9147217e-01   2.4548787e-04   7.8083421e-02   4.0995790e-01
   1.8866055e-02   5.3929623e-02   2.5027414e-02   5.1183343e-01   9.6853481e-01   8.2506892e-01   3.1789596e-01   3.3152431e-01   2.3438222e-02   2.0557060e-03   5.9557729e-01   3.4558491e-03   0.0000000e+00   8.0412485e-04   3.8324768e-01   7.8224154e-03   5.6145761e-01   6.4935067e-02   3.2674705e-03   5.3943949e-01   1.1775677e-01
   5.5976601e-08   4.0664736e-06   7.6392282e-02   9.2797804e-03   1.3329584e-01   5.9009168e-02   1.0351338e-01   1.3581685e-03   1.1045056e-07   1.9023000e-07   3.0563367e-01   7.3674215e-05   8.0412485e-04   0.0000000e+00   1.9605285e-01   5.3755209e-04   3.4440966e-01   8.1738933e-02   1.2915863e-09   2.1618126e-01   2.5905593e-01
   3.8576007e-02   1.4275043e-02   4.8100015e-01   3.6827449e-04   5.4313053e-03   4.8854653e-03   2.3634276e-01   3.7818237e-04   3.4188336e-02   2.4571498e-01   5.5826285e-03   3.4154674e-01   3.8324768e-01   1.9605285e-01   0.0000000e+00   4.3668619e-01   8.2147815e-01   9.8063503e-01   1.1474378e-01   1.2657463e-01   2.6538603e-01
   3.2592318e-03   2.3516828e-03   4.2788929e-01   5.1302630e-02   1.0771276e-01   3.7956964e-02   1.0861955e-02   2.3968830e-02   2.4527230e-03   1.3267464e-04   9.7782846e-01   3.1255631e-02   7.8224154e-03   5.3755209e-04   4.3668619e-01   2.7036681e-95   7.4567242e-01   3.0572449e-05   5.2501827e-04   4.1523357e-01   2.8595278e-01
   3.2577019e-01   6.1644102e-01   3.5855340e-02   3.8776259e-01   3.5986387e-01   4.4641173e-01   3.8035942e-01   4.5892672e-01   3.5702142e-01   7.1338741e-01   1.4494498e-01   9.5785548e-02   5.6145761e-01   3.4440966e-01   8.2147815e-01   7.4567242e-01   0.0000000e+00   4.1992145e-01   5.3566130e-01   8.2926676e-01   3.6200158e-01
   1.8820395e-01   1.4994847e-01   8.4263347e-01   3.6616502e-01   3.6469402e-01   2.1108069e-01   4.0401029e-02   3.3552297e-01   1.7372774e-01   3.1841878e-02   3.0192329e-01   3.9147217e-01   6.4935067e-02   8.1738933e-02   9.8063503e-01   3.0572449e-05   4.1992145e-01   0.0000000e+00   9.4910274e-02   8.9296086e-01   2.5831841e-01
   9.2910415e-09   2.2004732e-07   1.7826094e-01   4.3119746e-03   6.1624319e-02   2.0768020e-02   7.0259092e-02   2.8628171e-04   1.2946664e-08   3.9413250e-07   2.2363276e-01   2.4548787e-04   3.2674705e-03   1.2915863e-09   1.1474378e-01   5.2501827e-04   5.3566130e-01   9.4910274e-02   0.0000000e+00   1.6710303e-01   3.0138066e-01
   1.9450735e-01   1.6938909e-01   9.7716553e-01   4.4908070e-02   2.5959989e-01   3.6930111e-01   5.7080065e-02   5.6671922e-02   1.8494355e-01   4.5515306e-01   9.3549089e-02   7.8083421e-02   5.3943949e-01   2.1618126e-01   1.2657463e-01   4.1523357e-01   8.2926676e-01   8.9296086e-01   1.6710303e-01   0.0000000e+00   1.1387451e-02
   3.5017461e-01   4.2960830e-01   5.3579569e-01   5.8444350e-01   8.8862215e-01   5.8547656e-01   7.2608015e-01   9.8800185e-01   3.6565796e-01   2.0378914e-01   6.3056570e-01   4.0995790e-01   1.1775677e-01   2.5905593e-01   2.6538603e-01   2.8595278e-01   3.6200158e-01   2.5831841e-01   3.0138066e-01   1.1387451e-02   0.0000000e+00
