   1.0000000e+00   9.8054906e-01  -3.9224519e-01   7.6907489e-01   5.4206741e-01   6.3368351e-01   4.7829986e-01   8.7976760e-01   9.9827616e-01   9.1813696e-01   4.7816619e-01   8.3007168e-01   6.1652204e-01   9.5978641e-01  -5.5691020e-01   7.2638566e-01   2.8362645e-01   3.7362488e-01   9.7030189e-01  -3.6873858e-01  -2.7019191e-01
   9.8054906e-01   1.0000000e+00  -2.2165559e-01   7.9107191e-01   6.8780777e-01   7.6452824e-01   5.5613751e-01   9.0745779e-01   9.8371181e-01   8.9418889e-01   4.9923209e-01   7.6510850e-01   5.2493714e-01   9.1654582e-01  -6.3705546e-01   7.4253060e-01   1.4683151e-01   4.0582298e-01   9.4928742e-01  -3.8886696e-01  -2.2966706e-01
  -3.9224519e-01  -2.2165559e-01   1.0000000e+00  -1.1928448e-01   5.0979871e-01   4.0863887e-01   1.2185741e-01  -9.2467739e-02  -3.8128123e-01  -4.7251651e-01   1.0662725e-01  -4.2943617e-01  -5.9424307e-01  -4.8840907e-01  -2.0546963e-01  -2.3050054e-01  -5.6351748e-01  -5.8464207e-02  -3.8155049e-01   8.4362449e-03   1.8098146e-01
   7.6907489e-01   7.9107191e-01  -1.1928448e-01   1.0000000e+00   5.8718958e-01   6.4388274e-01   6.2115020e-01   9.4928437e-01   7.7569180e-01   6.2113543e-01   5.7156463e-01   5.5758127e-01   1.9154291e-01   6.6623364e-01  -8.1634431e-01   5.2988892e-01   2.5046876e-01   2.6166806e-01   7.1161798e-01  -5.4276383e-01   1.6014892e-01
   5.4206741e-01   6.8780777e-01   5.0979871e-01   5.8718958e-01   1.0000000e+00   9.7385212e-01   5.8857742e-01   6.8051743e-01   5.5946320e-01   4.3188856e-01   4.6877475e-01   3.0172759e-01  -1.1626122e-02   4.2154597e-01  -6.9875186e-01   4.4851651e-01  -2.6500220e-01   2.6244361e-01   5.1137000e-01  -3.2325245e-01  -4.1260745e-02
   6.3368351e-01   7.6452824e-01   4.0863887e-01   6.4388274e-01   9.7385212e-01   1.0000000e+00   6.1773890e-01   7.5332318e-01   6.5413695e-01   5.3692043e-01   4.7260738e-01   3.6145872e-01   6.5078036e-02   5.1583664e-01  -7.0473695e-01   5.5838263e-01  -2.2160624e-01   3.5635319e-01   6.0912316e-01  -2.6002024e-01  -1.5971452e-01
   4.7829986e-01   5.5613751e-01   1.2185741e-01   6.2115020e-01   5.8857742e-01   6.1773890e-01   1.0000000e+00   6.0589548e-01   5.0416750e-01   4.9665218e-01   1.7266042e-01   3.5198573e-01   2.8808119e-01   4.5335072e-01  -3.3859581e-01   6.5590397e-01  -2.5426914e-01   5.5266814e-01   4.9752346e-01  -5.1922367e-01   1.0298575e-01
   8.7976760e-01   9.0745779e-01  -9.2467739e-02   9.4928437e-01   6.8051743e-01   7.5332318e-01   6.0589548e-01   1.0000000e+00   8.8620002e-01   7.0262187e-01   6.7357749e-01   6.8948569e-01   2.8040947e-01   7.6733108e-01  -8.1546768e-01   5.9775170e-01   2.1569986e-01   2.7819236e-01   8.2444034e-01  -5.1995081e-01   4.4323633e-03
   9.9827616e-01   9.8371181e-01  -3.8128123e-01   7.7569180e-01   5.5946320e-01   6.5413695e-01   5.0416750e-01   8.8620002e-01   1.0000000e+00   9.1830767e-01   4.8254582e-01   8.1945353e-01   5.9955433e-01   9.5488304e-01  -5.6775099e-01   7.4051123e-01   2.6651664e-01   3.8525869e-01   9.6859401e-01  -3.7619344e-01  -2.6193520e-01
   9.1813696e-01   8.9418889e-01  -4.7251651e-01   6.2113543e-01   4.3188856e-01   5.3692043e-01   4.9665218e-01   7.0262187e-01   9.1830767e-01   1.0000000e+00   9.6590898e-02   6.7650702e-01   7.4886986e-01   9.5052562e-01  -3.3230690e-01   8.4687742e-01   1.0794430e-01   5.7397718e-01   9.4400619e-01  -2.1747242e-01  -3.6172359e-01
   4.7816619e-01   4.9923209e-01   1.0662725e-01   5.7156463e-01   4.6877475e-01   4.7260738e-01   1.7266042e-01   6.7357749e-01   4.8254582e-01   9.6590898e-02   1.0000000e+00   5.5770086e-01  -1.5548319e-01   2.9514545e-01  -6.9717617e-01  -8.1912694e-03   4.1041933e-01  -2.9731495e-01   3.4737428e-01  -4.6538965e-01   1.4103789e-01
   8.3007168e-01   7.6510850e-01  -4.2943617e-01   5.5758127e-01   3.0172759e-01   3.6145872e-01   3.5198573e-01   6.8948569e-01   8.1945353e-01   6.7650702e-01   5.5770086e-01   1.0000000e+00   7.2336797e-01   8.6196821e-01  -2.7488009e-01   5.7558569e-01   4.6261288e-01   2.4857892e-01   8.2919241e-01  -4.8598752e-01  -2.3929842e-01
   6.1652204e-01   5.2493714e-01  -5.9424307e-01   1.9154291e-01  -1.1626122e-02   6.5078036e-02   2.8808119e-01   2.8040947e-01   5.9955433e-01   7.4886986e-01  -1.5548319e-01   7.2336797e-01   1.0000000e+00   7.8855467e-01   2.5278183e-01   6.7703200e-01   1.6989740e-01   5.0590630e-01   7.2625638e-01  -1.7939389e-01  -4.3745671e-01
   9.5978641e-01   9.1654582e-01  -4.8840907e-01   6.6623364e-01   4.2154597e-01   5.1583664e-01   4.5335072e-01   7.6733108e-01   9.5488304e-01   9.5052562e-01   2.9514545e-01   8.6196821e-01   7.8855467e-01   1.0000000e+00  -3.6755600e-01   8.0341787e-01   2.7331725e-01   4.8087693e-01   9.7868962e-01  -3.5266541e-01  -3.2360159e-01
  -5.5691020e-01  -6.3705546e-01  -2.0546963e-01  -8.1634431e-01  -6.9875186e-01  -7.0473695e-01  -3.3859581e-01  -8.1546768e-01  -5.6775099e-01  -3.3230690e-01  -6.9717617e-01  -2.7488009e-01   2.5278183e-01  -3.6755600e-01   1.0000000e+00  -2.2625284e-01  -6.6433549e-02   7.1541931e-03  -4.4070438e-01   4.2826521e-01  -3.1956549e-01
   7.2638566e-01   7.4253060e-01  -2.3050054e-01   5.2988892e-01   4.4851651e-01   5.5838263e-01   6.5590397e-01   5.9775170e-01   7.4051123e-01   8.4687742e-01  -8.1912694e-03   5.7558569e-01   6.7703200e-01   8.0341787e-01  -2.2625284e-01   1.0000000e+00  -9.5381283e-02   8.8166903e-01   8.0425250e-01  -2.3668986e-01  -3.0683425e-01
   2.8362645e-01   1.4683151e-01  -5.6351748e-01   2.5046876e-01  -2.6500220e-01  -2.2160624e-01  -2.5426914e-01   2.1569986e-01   2.6651664e-01   1.0794430e-01   4.1041933e-01   4.6261288e-01   1.6989740e-01   2.7331725e-01  -6.6433549e-02  -9.5381283e-02   1.0000000e+00  -2.3438617e-01   1.8104011e-01   6.3494871e-02  -2.6386754e-01
   3.7362488e-01   4.0582298e-01  -5.8464207e-02   2.6166806e-01   2.6244361e-01   3.5635319e-01   5.5266814e-01   2.7819236e-01   3.8525869e-01   5.7397718e-01  -2.9731495e-01   2.4857892e-01   5.0590630e-01   4.8087693e-01   7.1541931e-03   8.8166903e-01  -2.3438617e-01   1.0000000e+00   4.6369419e-01   3.9644809e-02  -3.2407567e-01
   9.7030189e-01   9.4928742e-01  -3.8155049e-01   7.1161798e-01   5.1137000e-01   6.0912316e-01   4.9752346e-01   8.2444034e-01   9.6859401e-01   9.4400619e-01   3.4737428e-01   8.2919241e-01   7.2625638e-01   9.7868962e-01  -4.4070438e-01   8.0425250e-01   1.8104011e-01   4.6369419e-01   1.0000000e+00  -3.9079241e-01  -2.9763352e-01
  -3.6873858e-01  -3.8886696e-01   8.4362449e-03  -5.4276383e-01  -3.2325245e-01  -2.6002024e-01  -5.1922367e-01  -5.1995081e-01  -3.7619344e-01  -2.1747242e-01  -4.6538965e-01  -4.8598752e-01  -1.7939389e-01  -3.5266541e-01   4.2826521e-01  -2.3668986e-01   6.3494871e-02   3.9644809e-02  -3.9079241e-01   1.0000000e+00  -6.5273018e-01
  -2.7019191e-01  -2.2966706e-01   1.8098146e-01   1.6014892e-01  -4.1260745e-02  -1.5971452e-01   1.0298575e-01   4.4323633e-03  -2.6193520e-01  -3.6172359e-01   1.4103789e-01  -2.3929842e-01  -4.3745671e-01  -3.2360159e-01  -3.1956549e-01  -3.0683425e-01  -2.6386754e-01  -3.2407567e-01  -2.9763352e-01  -6.5273018e-01   1.0000000e+00
